1	85.385	3.41917
2	87.1158	3.36358
3	88.7751	3.21411
4	90.1908	2.96072
5	91.322	2.86503
6	92.6116	2.78946
7	93.7172	2.58116
8	94.6014	2.61738
9	95.3918	2.51142
10	96.2317	2.31665
11	97.2521	2.09265
12	98.0477	1.79101
13	98.6763	1.64214
14	99.2266	1.35847
15	99.6848	0.905744
16	99.9489	0.357751
17	100	0
18	100	0
19	100	0
20	100	0
21	100	0
22	100	0
23	100	0
24	100	0
25	100	0
26	100	0
27	100	0
28	100	0
29	100	0
30	100	0
31	100	0
32	100	0
33	100	0
34	100	0
35	100	0
36	100	0
37	100	0
38	100	0
39	100	0
40	100	0
41	100	0
42	100	0
43	100	0
44	100	0
45	100	0
46	100	0
47	100	0
48	100	0
49	100	0
50	88.4482	3.59929
51	93.1023	2.99296
52	95.38	2.20124
53	97.1523	1.8517
54	98.6066	1.26327
55	99.4044	0.657711
56	99.7503	0.30298
57	99.8904	0.167451
58	99.9415	0.133961
59	99.9708	0.0991327
60	99.989	0.0623339
61	99.9963	0.0363576
62	100	0
63	100	0
64	100	0
65	100	0
66	100	0
67	100	0
68	100	0
69	100	0
70	100	0
71	100	0
72	100	0
73	100	0
74	100	0
75	100	0
76	100	0
77	100	0
78	100	0
79	100	0
80	100	0
81	100	0
82	100	0
83	100	0
84	100	0
85	100	0
86	100	0
87	100	0
88	100	0
89	100	0
90	100	0
91	100	0
92	100	0
93	100	0
94	100	0
95	100	0
96	100	0
97	100	0
98	100	0
99	100	0
100	10.7961	21.7564
101	21.1708	28.3823
102	29.7824	30.4515
103	37.8623	30.7715
104	49.124	26.9947
105	52.686	26.256
106	56.6336	25.2871
107	60.0358	24.1867
108	63.7603	20.8399
109	66.5978	18.6754
110	69.6832	16.2174
111	71.9256	13.3884
112	73.5702	11.3884
113	74.2975	11.3187
114	76.6667	9.78629
115	78.1074	8.41357
116	78.854	7.88294
117	80.2039	7.56328
118	80.9504	7.17771
119	81.3994	7.05196
120	81.9587	6.82968
121	82.3967	6.934
122	83.0882	6.39711
123	83.6501	6.28949
124	83.9752	6.31558
125	84.3333	6.29616
126	84.4573	6.17807
127	84.8733	5.76332
128	84.9614	5.78015
129	85.4986	5.86557
130	85.7493	5.835
131	86.281	5.59127
132	86.3691	5.43775
133	86.854	5.69723
134	86.9835	5.62731
135	87.1295	5.53713
136	87.2507	5.52561
137	87.5069	5.52166
138	87.6446	5.55291
139	88.1983	5.62196
140	88.3168	5.50138
141	88.5592	5.60841
142	88.6171	5.54902
143	88.9559	5.41308
144	89.1377	5.34709
145	89.3003	5.09347
146	89.4077	4.97005
147	89.4711	4.99399
148	89.5096	4.98412
149	89.7245	4.88225
150	90.2046	2.60135
151	92.5935	2.35015
152	93.9273	2.18237
153	95.3082	1.91098
154	96.5034	1.82486
155	97.4038	1.58076
156	97.9664	1.26742
157	98.5639	0.923691
158	98.9879	0.815457
159	99.2719	0.664576
160	99.4616	0.5925
161	99.6016	0.534956
162	99.7658	0.394978
163	99.8964	0.255263
164	99.9408	0.206164
165	99.9542	0.185734
166	99.9717	0.142811
167	99.9771	0.133312
168	99.9892	0.0753701
169	99.9892	0.0753701
170	99.9892	0.0753701
171	99.9946	0.0535659
172	99.9946	0.0535659
173	100	0
174	100	0
175	100	0
176	100	0
177	100	0
178	100	0
179	100	0
180	100	0
181	100	0
182	100	0
183	100	0
184	100	0
185	100	0
186	100	0
187	100	0
188	100	0
189	100	0
190	100	0
191	100	0
192	100	0
193	100	0
194	100	0
195	100	0
196	100	0
197	100	0
198	100	0
199	100	0
200	92.1018	2.3973
201	94.6833	2.34793
202	96.5837	1.4375
203	97.6991	1.22624
204	98.5973	0.848039
205	98.9819	0.589756
206	99.0928	0.486815
207	99.129	0.476055
208	99.1855	0.507917
209	99.1968	0.513305
210	99.2534	0.53587
211	99.3326	0.556373
212	99.3778	0.562776
213	99.4457	0.565498
214	99.5023	0.561524
215	99.5136	0.56004
216	99.5362	0.556373
217	99.5475	0.554183
218	99.5475	0.554183
219	99.5475	0.554183
220	99.5475	0.554183
221	99.5588	0.551753
222	99.5588	0.551753
223	99.5701	0.54908
224	99.5701	0.54908
225	99.5814	0.546159
226	99.5928	0.542986
227	99.6041	0.539558
228	99.6041	0.539558
229	99.6041	0.539558
230	99.6041	0.539558
231	99.6041	0.539558
232	99.6041	0.539558
233	99.6041	0.539558
234	99.6041	0.539558
235	99.6041	0.539558
236	99.6041	0.539558
237	99.6041	0.539558
238	99.6154	0.53587
239	99.6267	0.531915
240	99.6267	0.531915
241	99.6267	0.531915
242	99.6267	0.531915
243	99.6267	0.531915
244	99.6267	0.531915
245	99.6267	0.531915
246	99.6267	0.531915
247	99.6267	0.531915
248	99.6267	0.531915
249	99.6267	0.531915
250	99.5287	0.18218
251	99.6479	0.25838
252	99.7941	0.26294
253	99.9675	0.128649
254	99.9946	0.0538996
255	100	0
256	100	0
257	100	0
258	100	0
259	100	0
260	100	0
261	100	0
262	100	0
263	100	0
264	100	0
265	100	0
266	100	0
267	100	0
268	100	0
269	100	0
270	100	0
271	100	0
272	100	0
273	100	0
274	100	0
275	100	0
276	100	0
277	100	0
278	100	0
279	100	0
280	100	0
281	100	0
282	100	0
283	100	0
284	100	0
285	100	0
286	100	0
287	100	0
288	100	0
289	100	0
290	100	0
291	100	0
292	100	0
293	100	0
294	100	0
295	100	0
296	100	0
297	100	0
298	100	0
299	100	0
300	62.0865	16.6827
301	69.2679	11.5233
302	73.7173	7.40474
303	75.519	7.52452
304	77.0127	7.15354
305	78.7342	6.96816
306	80.1055	6.25879
307	81.9895	6.11906
308	83.3122	5.82084
309	84.192	5.4816
310	85.3439	5.43637
311	86.0549	5.21242
312	87.1308	4.81863
313	87.8776	4.80637
314	88.3333	4.79247
315	89.1435	4.53802
316	89.9578	4.69399
317	90.6667	4.67271
318	91.5105	4.47288
319	92.0886	4.24313
320	92.6857	3.95681
321	93.3228	3.93531
322	93.8629	3.94025
323	94.8629	3.79728
324	95.5338	3.52088
325	96.1498	3.30657
326	96.7089	3.02535
327	97.4747	2.66065
328	97.9958	2.19825
329	98.6181	1.74772
330	98.9515	1.50913
331	99.1667	1.3044
332	99.4325	0.949459
333	99.5443	0.779004
334	99.6772	0.479655
335	99.7616	0.446196
336	99.8312	0.344082
337	99.8861	0.24498
338	99.9114	0.209233
339	99.9325	0.176208
340	99.9536	0.14488
341	99.962	0.120752
342	99.9747	0.100205
343	99.9789	0.0919599
344	99.9789	0.0919599
345	99.9789	0.0919599
346	99.9789	0.0919599
347	99.9789	0.0919599
348	99.9789	0.0919599
349	99.9789	0.0919599
350	92.2414	3.47737
351	96.1908	2.7405
352	98.3234	1.983
353	99.4978	0.990729
354	99.9493	0.152304
355	99.997	0.0296569
356	100	0
357	100	0
358	100	0
359	100	0
360	100	0
361	100	0
362	100	0
363	100	0
364	100	0
365	100	0
366	100	0
367	100	0
368	100	0
369	100	0
370	100	0
371	100	0
372	100	0
373	100	0
374	100	0
375	100	0
376	100	0
377	100	0
378	100	0
379	100	0
380	100	0
381	100	0
382	100	0
383	100	0
384	100	0
385	100	0
386	100	0
387	100	0
388	100	0
389	100	0
390	100	0
391	100	0
392	100	0
393	100	0
394	100	0
395	100	0
396	100	0
397	100	0
398	100	0
399	100	0
400	100	0
401	100	0
402	100	0
403	100	0
404	100	0
405	100	0
406	100	0
407	100	0
408	100	0
409	100	0
410	100	0
411	100	0
412	100	0
413	100	0
414	100	0
415	100	0
416	100	0
417	100	0
418	100	0
419	100	0
420	100	0
421	100	0
422	100	0
423	100	0
424	100	0
425	100	0
426	100	0
427	100	0
428	100	0
429	100	0
430	100	0
431	100	0
432	100	0
433	100	0
434	100	0
435	100	0
436	100	0
437	100	0
438	100	0
439	100	0
440	100	0
441	100	0
442	100	0
443	100	0
444	100	0
445	100	0
446	100	0
447	100	0
448	100	0
449	100	0
450	100	0
451	100	0
452	100	0
453	100	0
454	100	0
455	100	0
456	100	0
457	100	0
458	100	0
459	100	0
460	100	0
461	100	0
462	100	0
463	100	0
464	100	0
465	100	0
466	100	0
467	100	0
468	100	0
469	100	0
470	100	0
471	100	0
472	100	0
473	100	0
474	100	0
475	100	0
476	100	0
477	100	0
478	100	0
479	100	0
480	100	0
481	100	0
482	100	0
483	100	0
484	100	0
485	100	0
486	100	0
487	100	0
488	100	0
489	100	0
490	100	0
491	100	0
492	100	0
493	100	0
494	100	0
495	100	0
496	100	0
497	100	0
498	100	0
499	100	0
500	89.7245	4.88225
501	89.854	4.85709
502	89.8898	4.85966
503	89.8898	4.85966
504	89.8898	4.85966
505	90.0689	4.76948
506	90.2865	4.84529
507	90.4518	4.89168
508	90.5702	4.8038
509	90.686	4.87778
510	90.7906	4.96483
511	90.7906	4.96483
512	90.7906	4.96483
513	90.7906	4.96483
514	90.9091	4.8744
515	91.1074	4.67153
516	91.146	4.63548
517	91.168	4.59351
518	91.168	4.59351
519	91.168	4.59351
520	91.2479	4.57397
521	91.2479	4.57397
522	91.3113	4.65025
523	91.4132	4.62532
524	91.4904	4.5199
525	91.4904	4.5199
526	91.8017	4.66796
527	92.0606	4.54927
528	92.0716	4.5346
529	92.0964	4.52289
530	92.2259	4.50337
531	92.2259	4.50337
532	92.2259	4.50337
533	92.3113	4.40066
534	92.3113	4.40066
535	92.3113	4.40066
536	92.3113	4.40066
537	92.3361	4.40588
538	92.4187	4.47139
539	92.4601	4.42518
540	92.4601	4.42518
541	92.5317	4.48163
542	92.5427	4.462
543	92.6088	4.43056
544	92.6419	4.40949
545	92.6419	4.40949
546	92.6501	4.40132
547	92.6639	4.39973
548	92.6639	4.39973
549	92.6639	4.39973
550	100	0
551	100	0
552	100	0
553	100	0
554	100	0
555	100	0
556	100	0
557	100	0
558	100	0
559	100	0
560	100	0
561	100	0
562	100	0
563	100	0
564	100	0
565	100	0
566	100	0
567	100	0
568	100	0
569	100	0
570	100	0
571	100	0
572	100	0
573	100	0
574	100	0
575	100	0
576	100	0
577	100	0
578	100	0
579	100	0
580	100	0
581	100	0
582	100	0
583	100	0
584	100	0
585	100	0
586	100	0
587	100	0
588	100	0
589	100	0
590	100	0
591	100	0
592	100	0
593	100	0
594	100	0
595	100	0
596	100	0
597	100	0
598	100	0
599	100	0
600	99.6267	0.531915
601	99.6267	0.531915
602	99.6267	0.531915
603	99.6267	0.531915
604	99.6493	0.523182
605	99.6606	0.518391
606	99.6833	0.507917
607	99.6946	0.502217
608	99.7059	0.496193
609	99.7285	0.483126
610	99.7285	0.483126
611	99.7285	0.483126
612	99.7624	0.460756
613	99.7738	0.452489
614	99.7738	0.452489
615	99.7851	0.443779
616	99.8077	0.424924
617	99.8077	0.424924
618	99.8077	0.424924
619	99.8077	0.424924
620	99.8077	0.424924
621	99.8077	0.424924
622	99.8077	0.424924
623	99.8077	0.424924
624	99.8077	0.424924
625	99.8077	0.424924
626	99.819	0.414713
627	99.8303	0.403927
628	99.8303	0.403927
629	99.8303	0.403927
630	99.8303	0.403927
631	99.8303	0.403927
632	99.8303	0.403927
633	99.8303	0.403927
634	99.8303	0.403927
635	99.8303	0.403927
636	99.8303	0.403927
637	99.8303	0.403927
638	99.8303	0.403927
639	99.8303	0.403927
640	99.8303	0.403927
641	99.8303	0.403927
642	99.8303	0.403927
643	99.8303	0.403927
644	99.8303	0.403927
645	99.8303	0.403927
646	99.8303	0.403927
647	99.8303	0.403927
648	99.8303	0.403927
649	99.8303	0.403927
650	100	0
651	100	0
652	100	0
653	100	0
654	100	0
655	100	0
656	100	0
657	100	0
658	100	0
659	100	0
660	100	0
661	100	0
662	100	0
663	100	0
664	100	0
665	100	0
666	100	0
667	100	0
668	100	0
669	100	0
670	100	0
671	100	0
672	100	0
673	100	0
674	100	0
675	100	0
676	100	0
677	100	0
678	100	0
679	100	0
680	100	0
681	100	0
682	100	0
683	100	0
684	100	0
685	100	0
686	100	0
687	100	0
688	100	0
689	100	0
690	100	0
691	100	0
692	100	0
693	100	0
694	100	0
695	100	0
696	100	0
697	100	0
698	100	0
699	100	0
700	99.9789	0.0919599
701	99.9789	0.0919599
702	99.9789	0.0919599
703	99.9789	0.0919599
704	99.9789	0.0919599
705	99.9789	0.0919599
706	99.9789	0.0919599
707	99.9789	0.0919599
708	99.9789	0.0919599
709	99.9789	0.0919599
710	99.9789	0.0919599
711	99.9789	0.0919599
712	99.9789	0.0919599
713	99.9789	0.0919599
714	99.9789	0.0919599
715	99.9789	0.0919599
716	99.9789	0.0919599
717	99.9789	0.0919599
718	99.9789	0.0919599
719	99.9789	0.0919599
720	99.9789	0.0919599
721	99.9789	0.0919599
722	99.9789	0.0919599
723	99.9789	0.0919599
724	99.9789	0.0919599
725	99.9789	0.0919599
726	99.9789	0.0919599
727	99.9831	0.0826832
728	99.9831	0.0826832
729	99.9831	0.0826832
730	99.9873	0.0719777
731	99.9958	0.0419826
732	99.9958	0.0419826
733	99.9958	0.0419826
734	99.9958	0.0419826
735	99.9958	0.0419826
736	99.9958	0.0419826
737	99.9958	0.0419826
738	99.9958	0.0419826
739	99.9958	0.0419826
740	99.9958	0.0419826
741	99.9958	0.0419826
742	99.9958	0.0419826
743	99.9958	0.0419826
744	99.9958	0.0419826
745	99.9958	0.0419826
746	99.9958	0.0419826
747	99.9958	0.0419826
748	99.9958	0.0419826
749	99.9958	0.0419826
750	100	0
751	100	0
752	100	0
753	100	0
754	100	0
755	100	0
756	100	0
757	100	0
758	100	0
759	100	0
760	100	0
761	100	0
762	100	0
763	100	0
764	100	0
765	100	0
766	100	0
767	100	0
768	100	0
769	100	0
770	100	0
771	100	0
772	100	0
773	100	0
774	100	0
775	100	0
776	100	0
777	100	0
778	100	0
779	100	0
780	100	0
781	100	0
782	100	0
783	100	0
784	100	0
785	100	0
786	100	0
787	100	0
788	100	0
789	100	0
790	100	0
791	100	0
792	100	0
793	100	0
794	100	0
795	100	0
796	100	0
797	100	0
798	100	0
799	100	0
800	100	0
