1	85.2521	3.8011
2	87.2896	3.82906
3	88.3748	3.43828
4	89.3833	3.08163
5	90.5315	2.92214
6	91.7223	2.76285
7	93.0017	2.69614
8	94.1175	2.41733
9	95.2572	2.4838
10	96.3032	2.37165
11	97.2249	2.23569
12	98.0545	2.00215
13	98.7973	1.78182
14	99.3407	1.22294
15	99.6235	0.981975
16	99.8859	0.563498
17	99.9489	0.357751
18	100	0
19	100	0
20	100	0
21	100	0
22	100	0
23	100	0
24	100	0
25	100	0
26	100	0
27	100	0
28	100	0
29	100	0
30	100	0
31	100	0
32	100	0
33	100	0
34	100	0
35	100	0
36	100	0
37	100	0
38	100	0
39	100	0
40	100	0
41	100	0
42	100	0
43	100	0
44	100	0
45	100	0
46	100	0
47	100	0
48	100	0
49	100	0
50	89.6297	3.81334
51	93.0231	2.93042
52	94.8197	2.48456
53	97.0974	1.9125
54	98.3837	1.30742
55	99.3155	0.683785
56	99.7357	0.26633
57	99.8648	0.176421
58	99.9415	0.133961
59	99.9635	0.109622
60	99.9781	0.0867796
61	99.9854	0.0716051
62	99.9963	0.0363576
63	100	0
64	100	0
65	100	0
66	100	0
67	100	0
68	100	0
69	100	0
70	100	0
71	100	0
72	100	0
73	100	0
74	100	0
75	100	0
76	100	0
77	100	0
78	100	0
79	100	0
80	100	0
81	100	0
82	100	0
83	100	0
84	100	0
85	100	0
86	100	0
87	100	0
88	100	0
89	100	0
90	100	0
91	100	0
92	100	0
93	100	0
94	100	0
95	100	0
96	100	0
97	100	0
98	100	0
99	100	0
100	13.9201	23.5632
101	21.708	28.1443
102	31.7824	30.4354
103	39.8953	29.0931
104	45.6006	28.4993
105	51.1736	26.8869
106	55.2893	24.4838
107	59.1019	23.1513
108	65.292	17.8234
109	68.1873	14.7739
110	70.4738	14.2827
111	71.3554	14.347
112	72.8926	13.0207
113	73.9063	12.6239
114	75.2176	12.2054
115	76.6391	11.7578
116	77.4573	11.3532
117	78.0744	11.2644
118	78.8926	8.28563
119	79.6116	7.80966
120	80.4628	7.43431
121	81.4325	7.26176
122	81.5234	7.2185
123	82.0468	6.97476
124	82.5565	6.86872
125	83.2479	6.54346
126	83.7879	6.51763
127	84.0882	6.37741
128	84.416	6.51319
129	84.7576	6.63461
130	85.0551	6.56485
131	85.5702	6.54312
132	86.0496	6.33172
133	86.2755	6.23654
134	86.3994	6.12657
135	86.6529	5.9618
136	86.9642	5.53039
137	87.1736	5.38486
138	87.3278	5.34279
139	87.4187	5.33498
140	87.4187	5.33498
141	87.5455	5.23043
142	87.6584	5.18507
143	87.8264	5.21014
144	87.9559	5.12205
145	88.0992	4.88761
146	88.2342	4.85838
147	88.3306	4.85889
148	88.3884	4.8662
149	88.4298	4.8405
150	90.8318	3.0729
151	92.755	2.4468
152	94.1884	2.2478
153	95.2544	1.95388
154	96.3634	1.77372
155	97.3567	1.38457
156	98.0081	1.26514
157	98.5195	1.0987
158	98.9542	0.882122
159	99.218	0.782634
160	99.5384	0.509757
161	99.6743	0.445644
162	99.7564	0.375259
163	99.856	0.286935
164	99.9139	0.218284
165	99.965	0.14067
166	99.9758	0.120951
167	99.9946	0.0535659
168	99.9946	0.0535659
169	100	0
170	100	0
171	100	0
172	100	0
173	100	0
174	100	0
175	100	0
176	100	0
177	100	0
178	100	0
179	100	0
180	100	0
181	100	0
182	100	0
183	100	0
184	100	0
185	100	0
186	100	0
187	100	0
188	100	0
189	100	0
190	100	0
191	100	0
192	100	0
193	100	0
194	100	0
195	100	0
196	100	0
197	100	0
198	100	0
199	100	0
200	92.3066	2.28297
201	94.6889	2.30671
202	96.491	1.44717
203	97.8122	1.1973
204	98.4932	0.813675
205	98.9265	0.605282
206	99.0622	0.450872
207	99.1063	0.460756
208	99.1855	0.507917
209	99.2308	0.527688
210	99.2647	0.539558
211	99.2986	0.54908
212	99.3552	0.56004
213	99.3891	0.563798
214	99.4231	0.565498
215	99.4457	0.565498
216	99.4796	0.563798
217	99.4796	0.563798
218	99.5023	0.561524
219	99.5249	0.558324
220	99.5249	0.558324
221	99.5249	0.558324
222	99.5249	0.558324
223	99.5362	0.556373
224	99.5475	0.554183
225	99.5588	0.551753
226	99.5588	0.551753
227	99.5588	0.551753
228	99.5588	0.551753
229	99.5588	0.551753
230	99.5588	0.551753
231	99.5588	0.551753
232	99.5588	0.551753
233	99.5588	0.551753
234	99.5588	0.551753
235	99.5588	0.551753
236	99.5588	0.551753
237	99.5588	0.551753
238	99.5588	0.551753
239	99.5588	0.551753
240	99.5588	0.551753
241	99.5814	0.546159
242	99.5814	0.546159
243	99.5814	0.546159
244	99.5814	0.546159
245	99.6041	0.539558
246	99.6154	0.53587
247	99.6267	0.531915
248	99.6267	0.531915
249	99.6267	0.531915
250	99.3727	0.562399
251	99.6208	0.248244
252	99.8267	0.252696
253	99.9675	0.128649
254	100	0
255	100	0
256	100	0
257	100	0
258	100	0
259	100	0
260	100	0
261	100	0
262	100	0
263	100	0
264	100	0
265	100	0
266	100	0
267	100	0
268	100	0
269	100	0
270	100	0
271	100	0
272	100	0
273	100	0
274	100	0
275	100	0
276	100	0
277	100	0
278	100	0
279	100	0
280	100	0
281	100	0
282	100	0
283	100	0
284	100	0
285	100	0
286	100	0
287	100	0
288	100	0
289	100	0
290	100	0
291	100	0
292	100	0
293	100	0
294	100	0
295	100	0
296	100	0
297	100	0
298	100	0
299	100	0
300	60.8903	17.4505
301	69.8397	10.134
302	73.5823	8.77397
303	76.0549	8.08518
304	78.4641	7.12066
305	80.5549	6.79967
306	81.6456	6.50563
307	83.211	5.92952
308	84.7173	5.80957
309	85.4937	5.64906
310	86.2342	5.27016
311	87.0992	4.80822
312	87.9198	4.74572
313	88.7342	4.83762
314	89.3502	4.91072
315	89.7215	4.81818
316	90.4473	4.60883
317	91.1435	4.5313
318	91.6118	4.08598
319	91.9388	3.9881
320	92.3439	3.93066
321	92.8439	3.89498
322	93.4409	3.76712
323	94.0422	3.8428
324	94.77	3.68677
325	95.4494	3.61237
326	96.2932	3.13563
327	96.8903	2.72481
328	97.4641	2.41374
329	98.0591	2.16797
330	98.7194	1.54578
331	98.9641	1.43339
332	99.308	0.948701
333	99.5274	0.673204
334	99.6498	0.559943
335	99.7722	0.435111
336	99.7806	0.435356
337	99.8291	0.300875
338	99.8987	0.224225
339	99.9283	0.169356
340	99.9578	0.126582
341	99.9662	0.11447
342	99.9747	0.100205
343	99.9789	0.0919599
344	99.9789	0.0919599
345	99.9873	0.0719777
346	99.9916	0.0590717
347	99.9916	0.0590717
348	99.9916	0.0590717
349	99.9916	0.0590717
350	92.1103	3.41934
351	96.1729	2.79002
352	98.6483	1.59558
353	99.5514	0.886829
354	99.8882	0.391686
355	99.9881	0.0584081
356	99.997	0.0296569
357	100	0
358	100	0
359	100	0
360	100	0
361	100	0
362	100	0
363	100	0
364	100	0
365	100	0
366	100	0
367	100	0
368	100	0
369	100	0
370	100	0
371	100	0
372	100	0
373	100	0
374	100	0
375	100	0
376	100	0
377	100	0
378	100	0
379	100	0
380	100	0
381	100	0
382	100	0
383	100	0
384	100	0
385	100	0
386	100	0
387	100	0
388	100	0
389	100	0
390	100	0
391	100	0
392	100	0
393	100	0
394	100	0
395	100	0
396	100	0
397	100	0
398	100	0
399	100	0
400	90.9387	4.25674
401	95.8365	2.57745
402	97.6644	1.88541
403	98.5026	1.55284
404	98.8569	1.39263
405	99.1925	1.24387
406	99.4003	1.13961
407	99.5366	1.03262
408	99.6763	0.8834
409	99.8211	0.651994
410	99.8978	0.500747
411	99.9489	0.357751
412	99.9489	0.357751
413	99.9744	0.254256
414	100	0
415	100	0
416	100	0
417	100	0
418	100	0
419	100	0
420	100	0
421	100	0
422	100	0
423	100	0
424	100	0
425	100	0
426	100	0
427	100	0
428	100	0
429	100	0
430	100	0
431	100	0
432	100	0
433	100	0
434	100	0
435	100	0
436	100	0
437	100	0
438	100	0
439	100	0
440	100	0
441	100	0
442	100	0
443	100	0
444	100	0
445	100	0
446	100	0
447	100	0
448	100	0
449	100	0
450	89.067	4.20691
451	93.0402	3.298
452	94.9099	2.37395
453	97.1571	1.99416
454	98.6017	1.2594
455	99.4616	0.559015
456	99.7625	0.215405
457	99.8648	0.176421
458	99.9269	0.146163
459	99.9671	0.104573
460	99.9817	0.0796388
461	99.9854	0.0716051
462	99.989	0.0623339
463	99.9963	0.0363576
464	99.9963	0.0363576
465	99.9963	0.0363576
466	99.9963	0.0363576
467	99.9963	0.0363576
468	99.9963	0.0363576
469	99.9963	0.0363576
470	99.9963	0.0363576
471	99.9963	0.0363576
472	99.9963	0.0363576
473	99.9963	0.0363576
474	99.9963	0.0363576
475	99.9963	0.0363576
476	99.9963	0.0363576
477	99.9963	0.0363576
478	99.9963	0.0363576
479	99.9963	0.0363576
480	99.9963	0.0363576
481	99.9963	0.0363576
482	99.9963	0.0363576
483	99.9963	0.0363576
484	99.9963	0.0363576
485	99.9963	0.0363576
486	99.9963	0.0363576
487	99.9963	0.0363576
488	99.9963	0.0363576
489	99.9963	0.0363576
490	99.9963	0.0363576
491	99.9963	0.0363576
492	99.9963	0.0363576
493	99.9963	0.0363576
494	99.9963	0.0363576
495	99.9963	0.0363576
496	99.9963	0.0363576
497	99.9963	0.0363576
498	99.9963	0.0363576
499	99.9963	0.0363576
500	13.6336	24.2883
501	21.7025	27.9234
502	33.0882	29.5884
503	38.9174	30.8964
504	44.6556	29.3936
505	51.2893	28.5352
506	56.1873	26.1818
507	60.4187	23.8357
508	61.6777	22.4235
509	66.1074	18.4559
510	69.2948	16.9303
511	72.1212	15.3562
512	74.1377	11.5271
513	74.9697	11.2594
514	76.7355	11.0091
515	77.9091	10.4457
516	78.3967	9.84548
517	79.0358	9.36732
518	80.0028	8.75037
519	80.9559	8.40023
520	81.2066	8.33574
521	81.6667	7.92579
522	82.1129	7.71303
523	82.9366	7.35953
524	83.1928	7.31087
525	83.5179	7.16858
526	84.3361	6.65436
527	84.5069	6.6603
528	85.0413	6.40678
529	85.4463	6.31558
530	85.8127	6.52125
531	85.8457	6.48616
532	86.1322	6.37599
533	86.3747	6.25356
534	86.6749	5.96629
535	86.7466	6.08172
536	86.9945	5.98124
537	87.2176	5.6764
538	87.2837	5.68024
539	87.5758	5.53006
540	87.7107	5.54601
541	87.8099	5.56397
542	88.2975	5.41019
543	88.4601	5.36857
544	88.8044	5.33163
545	88.9284	5.29337
546	89.0551	5.2263
547	89.0964	5.21239
548	89.1598	5.20892
549	89.416	5.06365
550	90.821	2.72795
551	92.5666	2.2892
552	93.7685	2.43019
553	95.1171	2.08428
554	96.3499	1.92273
555	97.2086	1.57724
556	98.031	1.29844
557	98.5236	1.11838
558	98.9004	0.880725
559	99.2032	0.70904
560	99.4213	0.62595
561	99.6205	0.459729
562	99.7429	0.368635
563	99.8062	0.327094
564	99.8721	0.265367
565	99.926	0.206212
566	99.9758	0.120951
567	99.9758	0.120951
568	99.9812	0.109374
569	99.9865	0.0961161
570	99.9919	0.0803489
571	99.9919	0.0803489
572	100	0
573	100	0
574	100	0
575	100	0
576	100	0
577	100	0
578	100	0
579	100	0
580	100	0
581	100	0
582	100	0
583	100	0
584	100	0
585	100	0
586	100	0
587	100	0
588	100	0
589	100	0
590	100	0
591	100	0
592	100	0
593	100	0
594	100	0
595	100	0
596	100	0
597	100	0
598	100	0
599	100	0
600	92.5147	2.56611
601	95.3224	2.11059
602	96.7014	1.39922
603	97.7885	1.09552
604	98.5124	0.811233
605	98.8948	0.499497
606	99.0283	0.420564
607	99.0611	0.424924
608	99.095	0.452489
609	99.1063	0.460756
610	99.1516	0.489833
611	99.1968	0.513305
612	99.276	0.542986
613	99.31	0.551753
614	99.3213	0.554183
615	99.3665	0.561524
616	99.3891	0.563798
617	99.4118	0.565158
618	99.4231	0.565498
619	99.4231	0.565498
620	99.4231	0.565498
621	99.4231	0.565498
622	99.4231	0.565498
623	99.4231	0.565498
624	99.4231	0.565498
625	99.4344	0.565611
626	99.4344	0.565611
627	99.4344	0.565611
628	99.4344	0.565611
629	99.4344	0.565611
630	99.4344	0.565611
631	99.4344	0.565611
632	99.4344	0.565611
633	99.4344	0.565611
634	99.4344	0.565611
635	99.4344	0.565611
636	99.4344	0.565611
637	99.457	0.565158
638	99.457	0.565158
639	99.457	0.565158
640	99.457	0.565158
641	99.4796	0.563798
642	99.491	0.562776
643	99.491	0.562776
644	99.491	0.562776
645	99.491	0.562776
646	99.491	0.562776
647	99.491	0.562776
648	99.491	0.562776
649	99.5023	0.561524
650	99.5092	0.414954
651	99.6587	0.261541
652	99.8375	0.248244
653	99.9512	0.155028
654	99.9892	0.0758397
655	100	0
656	100	0
657	100	0
658	100	0
659	100	0
660	100	0
661	100	0
662	100	0
663	100	0
664	100	0
665	100	0
666	100	0
667	100	0
668	100	0
669	100	0
670	100	0
671	100	0
672	100	0
673	100	0
674	100	0
675	100	0
676	100	0
677	100	0
678	100	0
679	100	0
680	100	0
681	100	0
682	100	0
683	100	0
684	100	0
685	100	0
686	100	0
687	100	0
688	100	0
689	100	0
690	100	0
691	100	0
692	100	0
693	100	0
694	100	0
695	100	0
696	100	0
697	100	0
698	100	0
699	100	0
700	64.019	16.1648
701	71.327	10.814
702	74.3629	8.32403
703	77.2975	7.47353
704	79.538	7.14225
705	80.5781	6.74689
706	82.3608	6.85429
707	83.3502	6.76197
708	84.327	6.39302
709	85.7215	5.7603
710	86.4262	5.82555
711	87.8165	5.64585
712	88.7405	5.35679
713	89.2785	5.0375
714	89.9705	5.04633
715	90.327	4.99117
716	90.8059	4.91241
717	91.1203	4.88378
718	91.7616	4.47142
719	92.3671	4.47977
720	92.7405	4.33143
721	93.4705	3.9026
722	93.8819	3.63078
723	94.6962	3.40128
724	95.5527	3.19015
725	96.2616	2.88792
726	96.5485	2.77384
727	97.2131	2.75626
728	97.7806	2.42817
729	98.3354	2.21165
730	98.7236	1.89765
731	98.9662	1.69132
732	99.3038	1.25505
733	99.5105	0.928213
734	99.6118	0.780146
735	99.7215	0.748205
736	99.7827	0.527388
737	99.8165	0.516473
738	99.8439	0.489906
739	99.9177	0.232824
740	99.9536	0.167665
741	99.9747	0.100205
742	99.9747	0.100205
743	99.9831	0.0826832
744	99.9831	0.0826832
745	99.9831	0.0826832
746	99.9831	0.0826832
747	99.9831	0.0826832
748	99.9831	0.0826832
749	99.9831	0.0826832
750	92.0209	3.21793
751	95.8018	3.11658
752	98.4635	1.9884
753	99.6364	0.750005
754	99.9493	0.168899
755	99.9911	0.0508457
756	100	0
757	100	0
758	100	0
759	100	0
760	100	0
761	100	0
762	100	0
763	100	0
764	100	0
765	100	0
766	100	0
767	100	0
768	100	0
769	100	0
770	100	0
771	100	0
772	100	0
773	100	0
774	100	0
775	100	0
776	100	0
777	100	0
778	100	0
779	100	0
780	100	0
781	100	0
782	100	0
783	100	0
784	100	0
785	100	0
786	100	0
787	100	0
788	100	0
789	100	0
790	100	0
791	100	0
792	100	0
793	100	0
794	100	0
795	100	0
796	100	0
797	100	0
798	100	0
799	100	0
800	92.4344	4.31494
