1	85.7428	3.60682
2	86.9881	3.20796
3	88.1278	2.96918
4	89.2249	2.92821
5	90.1056	2.80358
6	91.6422	2.70776
7	92.5298	2.42595
8	93.7871	2.19589
9	94.8416	2.1965
10	96.0409	2.07978
11	96.891	2.0123
12	97.6201	1.93676
13	98.2692	1.75522
14	98.9148	1.50082
15	99.5043	1.10196
16	99.7853	0.72941
17	99.9455	0.382361
18	99.9744	0.254256
19	100	0
20	100	0
21	100	0
22	100	0
23	100	0
24	100	0
25	100	0
26	100	0
27	100	0
28	100	0
29	100	0
30	100	0
31	100	0
32	100	0
33	100	0
34	100	0
35	100	0
36	100	0
37	100	0
38	100	0
39	100	0
40	100	0
41	100	0
42	100	0
43	100	0
44	100	0
45	100	0
46	100	0
47	100	0
48	100	0
49	100	0
50	85.9428	1.96877
51	88.8879	2.59727
52	92.8477	2.25253
53	95.5091	2.20834
54	97.9817	1.46683
55	99.3082	0.677705
56	99.7004	0.320144
57	99.8465	0.18035
58	99.9086	0.158226
59	99.9452	0.130477
60	99.9635	0.109622
61	99.9817	0.0796388
62	99.989	0.0623339
63	99.9927	0.0511571
64	99.9927	0.0511571
65	99.9963	0.0363576
66	99.9963	0.0363576
67	99.9963	0.0363576
68	99.9963	0.0363576
69	99.9963	0.0363576
70	99.9963	0.0363576
71	99.9963	0.0363576
72	99.9963	0.0363576
73	99.9963	0.0363576
74	99.9963	0.0363576
75	99.9963	0.0363576
76	99.9963	0.0363576
77	99.9963	0.0363576
78	99.9963	0.0363576
79	99.9963	0.0363576
80	99.9963	0.0363576
81	99.9963	0.0363576
82	99.9963	0.0363576
83	99.9963	0.0363576
84	99.9963	0.0363576
85	99.9963	0.0363576
86	99.9963	0.0363576
87	99.9963	0.0363576
88	99.9963	0.0363576
89	99.9963	0.0363576
90	99.9963	0.0363576
91	99.9963	0.0363576
92	99.9963	0.0363576
93	99.9963	0.0363576
94	99.9963	0.0363576
95	99.9963	0.0363576
96	99.9963	0.0363576
97	99.9963	0.0363576
98	99.9963	0.0363576
99	99.9963	0.0363576
100	0	0
101	0	0
102	0	0
103	0	0
104	0	0
105	0	0
106	0	0
107	0	0
108	0	0
109	0	0
110	0	0
111	0	0
112	0	0
113	0	0
114	0	0
115	0	0
116	0	0
117	0	0
118	0	0
119	0	0
120	0	0
121	0	0
122	0	0
123	0	0
124	0	0
125	0	0
126	0	0
127	0	0
128	0	0
129	0	0
130	0	0
131	0	0
132	0	0
133	0	0
134	0	0
135	0	0
136	0	0
137	0	0
138	0	0
139	0	0
140	0	0
141	0	0
142	0	0
143	0	0
144	0	0
145	0	0
146	0	0
147	0	0
148	0	0
149	0	0
150	0	0
151	0	0
152	0	0
153	0	0
154	0	0
155	0	0
156	1	9.94987
157	1	9.94987
158	1	9.94987
159	1	9.94987
160	1	9.94987
161	1	9.94987
162	1	9.94987
163	1	9.94987
164	1	9.94987
165	1	9.94987
166	1	9.94987
167	1	9.94987
168	1	9.94987
169	1	9.94987
170	1	9.94987
171	1	9.94987
172	1	9.94987
173	1	9.94987
174	1	9.94987
175	1	9.94987
176	1	9.94987
177	1	9.94987
178	1	9.94987
179	1	9.94987
180	1	9.94987
181	1	9.94987
182	1	9.94987
183	1	9.94987
184	1	9.94987
185	1	9.94987
186	1	9.94987
187	1	9.94987
188	1	9.94987
189	1	9.94987
190	1	9.94987
191	1	9.94987
192	1	9.94987
193	1	9.94987
194	1	9.94987
195	1	9.94987
196	1	9.94987
197	1	9.94987
198	1	9.94987
199	1	9.94987
200	99.5124	0.83092
201	99.6799	0.68531
202	99.7579	0.531799
203	99.7828	0.48198
204	99.8303	0.403927
205	99.8416	0.392519
206	99.8529	0.380434
207	99.8529	0.380434
208	99.8529	0.380434
209	99.8756	0.353948
210	99.8869	0.339367
211	99.8869	0.339367
212	99.8869	0.339367
213	99.8869	0.339367
214	99.8982	0.323735
215	99.8982	0.323735
216	99.8982	0.323735
217	99.8982	0.323735
218	99.8982	0.323735
219	99.8982	0.323735
220	99.8982	0.323735
221	99.8982	0.323735
222	99.8982	0.323735
223	99.9095	0.306893
224	99.9095	0.306893
225	99.9095	0.306893
226	99.9095	0.306893
227	99.9095	0.306893
228	99.9095	0.306893
229	99.9095	0.306893
230	99.9095	0.306893
231	99.9095	0.306893
232	99.9095	0.306893
233	99.9095	0.306893
234	99.9095	0.306893
235	99.9095	0.306893
236	99.9095	0.306893
237	99.9095	0.306893
238	99.9095	0.306893
239	99.9095	0.306893
240	99.9095	0.306893
241	99.9095	0.306893
242	99.9095	0.306893
243	99.9095	0.306893
244	99.9095	0.306893
245	99.9095	0.306893
246	99.9095	0.306893
247	99.9095	0.306893
248	99.9095	0.306893
249	99.9095	0.306893
250	99.572	0.220644
251	99.74	0.270639
252	99.9296	0.18218
253	99.9892	0.0758397
254	100	0
255	100	0
256	100	0
257	100	0
258	100	0
259	100	0
260	100	0
261	100	0
262	100	0
263	100	0
264	100	0
265	100	0
266	100	0
267	100	0
268	100	0
269	100	0
270	100	0
271	100	0
272	100	0
273	100	0
274	100	0
275	100	0
276	100	0
277	100	0
278	100	0
279	100	0
280	100	0
281	100	0
282	100	0
283	100	0
284	100	0
285	100	0
286	100	0
287	100	0
288	100	0
289	100	0
290	100	0
291	100	0
292	100	0
293	100	0
294	100	0
295	100	0
296	100	0
297	100	0
298	100	0
299	100	0
300	0	0
301	0	0
302	0	0
303	0	0
304	0	0
305	0	0
306	0	0
307	0	0
308	0	0
309	0	0
310	0	0
311	0	0
312	0	0
313	0	0
314	0	0
315	0	0
316	0	0
317	0	0
318	0	0
319	0	0
320	0	0
321	0	0
322	0	0
323	0	0
324	0	0
325	0	0
326	0	0
327	0	0
328	0	0
329	0	0
330	0	0
331	0	0
332	0	0
333	0	0
334	0	0
335	0	0
336	0	0
337	0	0
338	0	0
339	0	0
340	0	0
341	0	0
342	0	0
343	0	0
344	0	0
345	0	0
346	0	0
347	0	0
348	0	0
349	0	0
350	0	0
351	0	0
352	0	0
353	0	0
354	0	0
355	0	0
356	0	0
357	0	0
358	0	0
359	0	0
360	0	0
361	0	0
362	0	0
363	0	0
364	0	0
365	0	0
366	0	0
367	0	0
368	0	0
369	0	0
370	0	0
371	0	0
372	0	0
373	0	0
374	0	0
375	0	0
376	0	0
377	0	0
378	0	0
379	0	0
380	0	0
381	0	0
382	0	0
383	0	0
384	0	0
385	0	0
386	0	0
387	0	0
388	0	0
389	0	0
390	0	0
391	0	0
392	0	0
393	0	0
394	0	0
395	0	0
396	0	0
397	0	0
398	0	0
399	0	0
400	0	0
401	0	0
402	0	0
403	0	0
404	0	0
405	0	0
406	0	0
407	0	0
408	0	0
409	0	0
410	0	0
411	0	0
412	0	0
413	0	0
414	0	0
415	0	0
416	0	0
417	0	0
418	0	0
419	0	0
420	0	0
421	0	0
422	0	0
423	0	0
424	0	0
425	0	0
426	0	0
427	0	0
428	0	0
429	0	0
430	0	0
431	0	0
432	0	0
433	0	0
434	0	0
435	0	0
436	0	0
437	0	0
438	0	0
439	0	0
440	0	0
441	0	0
442	0	0
443	0	0
444	0	0
445	0	0
446	0	0
447	0	0
448	0	0
449	0	0
450	0	0
451	0	0
452	0	0
453	0	0
454	0	0
455	0	0
456	0	0
457	0	0
458	0	0
459	0	0
460	0	0
461	0	0
462	0	0
463	0	0
464	0	0
465	0	0
466	0	0
467	0	0
468	0	0
469	0	0
470	0	0
471	0	0
472	0	0
473	0	0
474	0	0
475	0	0
476	0	0
477	0	0
478	0	0
479	0	0
480	0	0
481	0	0
482	0	0
483	0	0
484	0	0
485	0	0
486	0	0
487	0	0
488	0	0
489	0	0
490	0	0
491	0	0
492	0	0
493	0	0
494	0	0
495	0	0
496	0	0
497	0	0
498	0	0
499	0	0
500	0	0
501	0	0
502	0	0
503	0	0
504	0	0
505	0	0
506	0	0
507	0	0
508	0	0
509	0	0
510	0	0
511	0	0
512	0	0
513	0	0
514	0	0
515	0	0
516	0	0
517	0	0
518	0	0
519	0	0
520	0	0
521	0	0
522	0	0
523	0	0
524	0	0
525	0	0
526	0	0
527	0	0
528	0	0
529	0	0
530	0	0
531	0	0
532	0	0
533	0	0
534	0	0
535	0	0
536	0	0
537	0	0
538	0	0
539	0	0
540	0	0
541	0	0
542	0	0
543	0	0
544	0	0
545	0	0
546	0	0
547	0	0
548	0	0
549	0	0
550	0	0
551	0	0
552	0	0
553	0	0
554	0	0
555	0	0
556	0	0
557	0	0
558	0	0
559	0	0
560	0	0
561	0	0
562	0	0
563	0	0
564	0	0
565	0	0
566	0	0
567	0	0
568	0	0
569	0	0
570	0	0
571	0	0
572	0	0
573	0	0
574	0	0
575	0	0
576	0	0
577	0	0
578	0	0
579	0	0
580	0	0
581	0	0
582	0	0
583	0	0
584	0	0
585	0	0
586	0	0
587	0	0
588	0	0
589	0	0
590	0	0
591	0	0
592	0	0
593	0	0
594	0	0
595	0	0
596	0	0
597	0	0
598	0	0
599	0	0
600	0	0
601	0	0
602	0	0
603	0	0
604	0	0
605	0	0
606	0	0
607	0	0
608	0	0
609	0	0
610	0	0
611	0	0
612	0	0
613	0	0
614	0	0
615	0	0
616	0	0
617	0	0
618	0	0
619	0	0
620	0	0
621	0	0
622	0	0
623	0	0
624	0	0
625	0	0
626	0	0
627	0	0
628	0	0
629	0	0
630	0	0
631	0	0
632	0	0
633	0	0
634	0	0
635	0	0
636	0	0
637	0	0
638	0	0
639	0	0
640	0	0
641	0	0
642	0	0
643	0	0
644	0	0
645	0	0
646	0	0
647	0	0
648	0	0
649	0	0
650	4.9545	21.6
651	5.9545	23.5722
652	5.9545	23.5722
653	5.9545	23.5722
654	5.9545	23.5722
655	5.9545	23.5722
656	5.9545	23.5722
657	5.9545	23.5722
658	5.9545	23.5722
659	5.9545	23.5722
660	5.9545	23.5722
661	5.9545	23.5722
662	5.9545	23.5722
663	5.9545	23.5722
664	5.9545	23.5722
665	5.9545	23.5722
666	5.9545	23.5722
667	5.9545	23.5722
668	5.9545	23.5722
669	5.9545	23.5722
670	5.9545	23.5722
671	5.9545	23.5722
672	5.9545	23.5722
673	5.9545	23.5722
674	5.9545	23.5722
675	5.9545	23.5722
676	5.9545	23.5722
677	5.9545	23.5722
678	5.9545	23.5722
679	5.9545	23.5722
680	5.9545	23.5722
681	5.9545	23.5722
682	5.9545	23.5722
683	5.9545	23.5722
684	5.9545	23.5722
685	5.9545	23.5722
686	5.9545	23.5722
687	5.9545	23.5722
688	5.9545	23.5722
689	5.9545	23.5722
690	5.9545	23.5722
691	5.9545	23.5722
692	5.9545	23.5722
693	5.9545	23.5722
694	5.9545	23.5722
695	5.9545	23.5722
696	5.9545	23.5722
697	5.9545	23.5722
698	5.9545	23.5722
699	5.9545	23.5722
700	0	0
701	0	0
702	0	0
703	0	0
704	0	0
705	0	0
706	0	0
707	0	0
708	0	0
709	0	0
710	0	0
711	0	0
712	0	0
713	0	0
714	0	0
715	0	0
716	0	0
717	0	0
718	0	0
719	0	0
720	0	0
721	0	0
722	0	0
723	0	0
724	0	0
725	0	0
726	0	0
727	0	0
728	0	0
729	0	0
730	0	0
731	0	0
732	0	0
733	0	0
734	0	0
735	0	0
736	0	0
737	0	0
738	0	0
739	0	0
740	0	0
741	0	0
742	0	0
743	0	0
744	0	0
745	0	0
746	0	0
747	0	0
748	0	0
749	0	0
750	0	0
751	0	0
752	0	0
753	0	0
754	0	0
755	0	0
756	0	0
757	0	0
758	0	0
759	0	0
760	0	0
761	0	0
762	0	0
763	0	0
764	0	0
765	0	0
766	0	0
767	0	0
768	0	0
769	0	0
770	0	0
771	0	0
772	0	0
773	0	0
774	0	0
775	0	0
776	0	0
777	0	0
778	0	0
779	0	0
780	0	0
781	0	0
782	0	0
783	0	0
784	0	0
785	0	0
786	0	0
787	0	0
788	0	0
789	0	0
790	0	0
791	0	0
792	0	0
793	0	0
794	0	0
795	0	0
796	0	0
797	0	0
798	0	0
799	0	0
800	0	0
