1	63.9862	18.9421
2	70.7025	9.62899
3	72.5565	9.18713
4	74.1295	8.60846
5	75.8209	8.41667
6	77.5372	8.63041
7	78.1074	8.436
8	78.7851	8.20747
9	79.2479	7.86462
10	79.9587	7.59875
11	80.3609	7.3886
12	80.8292	6.93943
13	81.6556	6.86034
14	82.3058	6.72976
15	83.0882	6.68359
16	83.6116	6.47207
17	84.0909	6.26264
18	84.5344	6.02771
19	85.0496	5.68787
20	85.3829	5.74376
21	85.7658	5.52945
22	86.2424	5.69893
23	86.4435	5.90436
24	86.9421	5.63925
25	87.1543	5.60017
26	87.3196	5.62826
27	87.6281	5.47844
28	87.7961	5.42378
29	87.9229	5.40854
30	88.0992	5.30187
31	88.3333	5.2794
32	88.5895	5.07563
33	88.8485	4.81983
34	89.1019	4.8418
35	89.2094	4.79118
36	89.3691	4.89632
37	89.4683	4.83875
38	89.6336	4.78731
39	89.741	4.79641
40	89.8127	4.78039
41	89.9201	4.60757
42	89.9972	4.56814
43	90.0826	4.56303
44	90.5124	4.77106
45	90.6501	4.85768
46	90.9725	5.07902
47	91.0193	5.02496
48	91.1267	4.98102
49	91.2479	5.11965
50	85.5105	6.58991
51	88.1814	6.22359
52	89.7046	5.51856
53	91.2278	5.45204
54	91.9789	4.97443
55	93.0148	4.7043
56	93.6793	4.19549
57	94.4325	4.00154
58	95.3418	3.5027
59	95.9114	3.26749
60	96.5907	3.03808
61	97.2363	2.71267
62	97.8586	2.43657
63	98.6245	1.72673
64	99.0316	1.41997
65	99.4114	0.97289
66	99.6245	0.691121
67	99.7004	0.60426
68	99.846	0.342598
69	99.8819	0.260649
70	99.9156	0.197908
71	99.9283	0.179561
72	99.9283	0.179561
73	99.9367	0.172687
74	99.9451	0.153936
75	99.9578	0.139942
76	99.962	0.134691
77	99.962	0.134691
78	99.962	0.134691
79	99.962	0.134691
80	99.962	0.134691
81	99.962	0.134691
82	99.962	0.134691
83	99.962	0.134691
84	99.962	0.134691
85	99.962	0.134691
86	99.962	0.134691
87	99.962	0.134691
88	99.962	0.134691
89	99.962	0.134691
90	99.962	0.134691
91	99.962	0.134691
92	99.962	0.134691
93	99.962	0.134691
94	99.962	0.134691
95	99.962	0.134691
96	99.962	0.134691
97	99.962	0.134691
98	99.962	0.134691
99	99.962	0.134691
100	94.661	2.26329
101	95.8382	2.24901
102	96.7598	1.95578
103	97.184	1.7713
104	97.6235	1.65052
105	97.8279	1.65192
106	98.0375	1.69101
107	98.1806	1.6981
108	98.3169	1.70141
109	98.5588	1.67704
110	98.7666	1.6262
111	98.8365	1.60246
112	98.9097	1.57007
113	99.1601	1.46572
114	99.1959	1.44193
115	99.23	1.42011
116	99.2675	1.39037
117	99.2675	1.39037
118	99.3015	1.36595
119	99.3015	1.36595
120	99.3015	1.36595
121	99.3083	1.35321
122	99.3083	1.35321
123	99.3441	1.3234
124	99.3441	1.3234
125	99.3441	1.3234
126	99.3441	1.3234
127	99.3441	1.3234
128	99.3782	1.2957
129	99.4037	1.28244
130	99.4055	1.27859
131	99.4055	1.27859
132	99.4055	1.27859
133	99.431	1.26461
134	99.431	1.26461
135	99.431	1.26461
136	99.431	1.26461
137	99.431	1.26461
138	99.4327	1.26066
139	99.4327	1.26066
140	99.4327	1.26066
141	99.4327	1.26066
142	99.4327	1.26066
143	99.4327	1.26066
144	99.4327	1.26066
145	99.4685	1.22498
146	99.4685	1.22498
147	99.4685	1.22498
148	99.5026	1.19145
149	99.5026	1.19145
150	96.6215	2.21832
151	97.851	1.95409
152	98.4799	1.8375
153	98.842	1.74205
154	99.0775	1.59953
155	99.2459	1.43439
156	99.392	1.25056
157	99.5097	1.13073
158	99.6066	1.04694
159	99.6602	0.957305
160	99.8241	0.643215
161	99.8972	0.530139
162	99.918	0.451727
163	99.93	0.443831
164	99.9359	0.436667
165	99.9359	0.436667
166	99.9359	0.436667
167	99.9359	0.436667
168	99.9359	0.436667
169	99.9389	0.436076
170	99.9389	0.436076
171	99.9389	0.436076
172	99.9389	0.436076
173	99.9434	0.425082
174	99.9523	0.416691
175	99.9523	0.416691
176	99.9523	0.416691
177	99.9911	0.0508457
178	99.994	0.0417288
179	99.994	0.0417288
180	99.994	0.0417288
181	99.994	0.0417288
182	99.997	0.0296569
183	99.997	0.0296569
184	99.997	0.0296569
185	99.997	0.0296569
186	99.997	0.0296569
187	99.997	0.0296569
188	99.997	0.0296569
189	99.997	0.0296569
190	99.997	0.0296569
191	99.997	0.0296569
192	99.997	0.0296569
193	99.997	0.0296569
194	99.997	0.0296569
195	99.997	0.0296569
196	99.997	0.0296569
197	99.997	0.0296569
198	99.997	0.0296569
199	99.997	0.0296569
200	98.1602	0.882368
201	98.2328	0.71792
202	98.2813	0.605759
203	98.3782	0.573034
204	98.4293	0.486781
205	98.5276	0.56039
206	98.6353	0.598286
207	98.7349	0.632427
208	98.8075	0.670256
209	98.8816	0.715909
210	98.9529	0.738547
211	99	0.748699
212	99.0431	0.766072
213	99.0686	0.774721
214	99.1238	0.777479
215	99.1521	0.779109
216	99.175	0.791829
217	99.1844	0.795974
218	99.2059	0.799534
219	99.2207	0.806705
220	99.2315	0.802653
221	99.253	0.804925
222	99.2571	0.801566
223	99.2853	0.801841
224	99.2853	0.801841
225	99.2853	0.801841
226	99.2853	0.801841
227	99.2853	0.801841
228	99.2853	0.801841
229	99.2853	0.801841
230	99.2853	0.801841
231	99.2853	0.801841
232	99.2853	0.801841
233	99.2974	0.789062
234	99.2974	0.789062
235	99.2974	0.789062
236	99.2974	0.789062
237	99.2974	0.789062
238	99.2974	0.789062
239	99.2974	0.789062
240	99.3176	0.786458
241	99.3176	0.786458
242	99.3176	0.786458
243	99.3176	0.786458
244	99.3176	0.786458
245	99.3176	0.786458
246	99.3176	0.786458
247	99.3176	0.786458
248	99.3405	0.778412
249	99.3405	0.778412
250	96.8112	1.84862
251	98.2935	2.02841
252	99.179	1.68419
253	99.6236	1.33151
254	99.7259	1.1213
255	99.838	0.791072
256	99.9269	0.453787
257	99.9622	0.24342
258	99.9622	0.24342
259	99.9622	0.24342
260	99.9659	0.241206
261	99.9769	0.167624
262	99.9854	0.145431
263	99.9854	0.145431
264	99.9854	0.145431
265	99.9854	0.145431
266	99.9854	0.145431
267	99.9854	0.145431
268	99.9854	0.145431
269	99.9854	0.145431
270	99.9854	0.145431
271	99.9854	0.145431
272	99.9963	0.0363576
273	99.9963	0.0363576
274	99.9963	0.0363576
275	99.9963	0.0363576
276	99.9963	0.0363576
277	100	0
278	100	0
279	100	0
280	100	0
281	100	0
282	100	0
283	100	0
284	100	0
285	100	0
286	100	0
287	100	0
288	100	0
289	100	0
290	100	0
291	100	0
292	100	0
293	100	0
294	100	0
295	100	0
296	100	0
297	100	0
298	100	0
299	100	0
300	98.8495	0.208621
301	98.8801	0.112555
302	98.8801	0.112555
303	98.914	0.221673
304	98.9253	0.246544
305	98.9253	0.246544
306	99.0158	0.380434
307	99.0724	0.434601
308	99.1176	0.468604
309	99.1968	0.513305
310	99.2308	0.527688
311	99.2873	0.546159
312	99.3213	0.554183
313	99.3326	0.556373
314	99.3665	0.561524
315	99.3778	0.562776
316	99.3778	0.562776
317	99.3891	0.563798
318	99.3891	0.563798
319	99.3891	0.563798
320	99.3891	0.563798
321	99.4005	0.564592
322	99.4005	0.564592
323	99.4005	0.564592
324	99.4118	0.565158
325	99.4118	0.565158
326	99.4118	0.565158
327	99.4231	0.565498
328	99.4231	0.565498
329	99.4231	0.565498
330	99.4344	0.565611
331	99.4344	0.565611
332	99.4344	0.565611
333	99.4457	0.565498
334	99.4457	0.565498
335	99.4457	0.565498
336	99.4457	0.565498
337	99.4457	0.565498
338	99.4457	0.565498
339	99.457	0.565158
340	99.4683	0.564592
341	99.4683	0.564592
342	99.4683	0.564592
343	99.4683	0.564592
344	99.4683	0.564592
345	99.4683	0.564592
346	99.4796	0.563798
347	99.4796	0.563798
348	99.4796	0.563798
349	99.4796	0.563798
350	99.3944	0.575561
351	99.6154	0.245808
352	99.8321	0.250538
353	99.9675	0.128649
354	99.9892	0.0758397
355	100	0
356	100	0
357	100	0
358	100	0
359	100	0
360	100	0
361	100	0
362	100	0
363	100	0
364	100	0
365	100	0
366	100	0
367	100	0
368	100	0
369	100	0
370	100	0
371	100	0
372	100	0
373	100	0
374	100	0
375	100	0
376	100	0
377	100	0
378	100	0
379	100	0
380	100	0
381	100	0
382	100	0
383	100	0
384	100	0
385	100	0
386	100	0
387	100	0
388	100	0
389	100	0
390	100	0
391	100	0
392	100	0
393	100	0
394	100	0
395	100	0
396	100	0
397	100	0
398	100	0
399	100	0
400	17.9394	26.9267
401	22.6006	28.0597
402	30.584	28.218
403	37.6253	28.3413
404	40.5399	28.5874
405	45.3884	28.0319
406	49.7741	27.9602
407	53.3471	25.2452
408	56.9449	23.2297
409	60.8072	20.2028
410	62.3939	19.274
411	65.2176	18.1798
412	66.3003	18.0677
413	67.6253	18.1145
414	70.6309	15.2551
415	71.9091	14.7473
416	72.9008	14.3415
417	74.989	11.9976
418	75.2397	11.865
419	76.0523	9.22287
420	77.0937	8.55055
421	77.7603	8.34196
422	78.6061	7.9183
423	79.3829	7.68686
424	79.7163	7.58688
425	80.2479	7.46485
426	80.7328	7.21561
427	81.0909	6.84333
428	81.73	6.50463
429	81.9504	6.28504
430	82.4325	6.48254
431	82.6832	6.63426
432	82.8843	6.6136
433	83.3278	6.50867
434	83.9725	6.07029
435	84.2424	6.11756
436	84.3664	6.00366
437	84.8926	6.00939
438	85.0964	5.87759
439	85.1074	5.87195
440	85.2893	5.97904
441	85.865	5.90338
442	86.0303	5.81513
443	86.1405	5.8542
444	86.3884	5.8725
445	86.7658	5.48492
446	87	5.28936
447	87.124	5.27138
448	87.2287	5.25363
449	87.6529	5.36397
450	82.5759	5.29137
451	85.4409	5.10893
452	87.6667	4.84832
453	89.1667	4.42921
454	90.3924	4.42228
455	91.4325	4.07385
456	92.8608	3.91164
457	93.5654	3.49581
458	94.3713	3.468
459	95.4283	3.1758
460	96.2131	2.97452
461	96.8481	2.68021
462	97.4177	2.45509
463	98.2131	2.06049
464	98.7911	1.38659
465	99.1414	1.09268
466	99.5316	0.656779
467	99.673	0.465452
468	99.7511	0.362206
469	99.8397	0.244435
470	99.8945	0.182706
471	99.9114	0.17186
472	99.9325	0.154686
473	99.962	0.120752
474	99.9662	0.11447
475	99.9662	0.11447
476	99.9662	0.11447
477	99.9662	0.11447
478	99.9662	0.11447
479	99.9662	0.11447
480	99.9662	0.11447
481	99.9662	0.11447
482	99.9662	0.11447
483	99.9662	0.11447
484	99.9662	0.11447
485	99.9662	0.11447
486	99.9662	0.11447
487	99.9662	0.11447
488	99.9662	0.11447
489	99.9662	0.11447
490	99.9662	0.11447
491	99.9662	0.11447
492	99.9662	0.11447
493	99.9662	0.11447
494	99.9662	0.11447
495	99.9662	0.11447
496	99.9662	0.11447
497	99.9662	0.11447
498	99.9662	0.11447
499	99.9662	0.11447
500	94.1959	1.89461
501	95.2504	2.20207
502	95.9847	2.16485
503	96.7496	2.04751
504	97.3526	1.72313
505	97.6644	1.66503
506	97.9165	1.63079
507	98.1107	1.64041
508	98.385	1.64401
509	98.6474	1.61343
510	98.8535	1.57907
511	98.9796	1.50639
512	99.0085	1.49787
513	99.0681	1.47543
514	99.1056	1.45102
515	99.1959	1.40771
516	99.2317	1.382
517	99.2572	1.37231
518	99.3254	1.32198
519	99.3595	1.29475
520	99.3595	1.29475
521	99.3595	1.29475
522	99.3595	1.29475
523	99.368	1.27923
524	99.368	1.27923
525	99.3935	1.266
526	99.4804	1.20084
527	99.4804	1.20084
528	99.4804	1.20084
529	99.5145	1.16627
530	99.5145	1.16627
531	99.5145	1.16627
532	99.5162	1.16186
533	99.552	1.12039
534	99.552	1.12039
535	99.552	1.12039
536	99.552	1.12039
537	99.552	1.12039
538	99.552	1.12039
539	99.586	1.081
540	99.615	1.05254
541	99.6457	1.01636
542	99.6457	1.01636
543	99.6457	1.01636
544	99.6457	1.01636
545	99.6814	0.963886
546	99.6814	0.963886
547	99.6814	0.963886
548	99.7155	0.912982
549	99.7445	0.874816
550	96.8077	2.33063
551	98.07	1.84623
552	98.465	1.89504
553	98.8063	1.79822
554	99.0045	1.68133
555	99.2131	1.50692
556	99.2891	1.45317
557	99.468	1.23674
558	99.6438	0.966499
559	99.7705	0.773362
560	99.8674	0.526861
561	99.8703	0.52676
562	99.9344	0.299786
563	99.9463	0.28707
564	99.9598	0.172329
565	99.9657	0.151771
566	99.9687	0.14947
567	99.9687	0.14947
568	99.9717	0.147074
569	99.9747	0.144576
570	99.9747	0.144576
571	99.9911	0.0508457
572	99.997	0.0296569
573	99.997	0.0296569
574	99.997	0.0296569
575	99.997	0.0296569
576	99.997	0.0296569
577	99.997	0.0296569
578	99.997	0.0296569
579	99.997	0.0296569
580	99.997	0.0296569
581	99.997	0.0296569
582	99.997	0.0296569
583	99.997	0.0296569
584	99.997	0.0296569
585	99.997	0.0296569
586	99.997	0.0296569
587	99.997	0.0296569
588	99.997	0.0296569
589	99.997	0.0296569
590	99.997	0.0296569
591	100	0
592	100	0
593	100	0
594	100	0
595	100	0
596	100	0
597	100	0
598	100	0
599	100	0
600	98.3513	0.158536
601	98.3957	0.169903
602	98.4186	0.241793
603	98.4468	0.288926
604	98.5087	0.376697
605	98.5316	0.407828
606	98.5855	0.472214
607	98.6851	0.556509
608	98.7349	0.587896
609	98.856	0.64645
610	98.9515	0.696569
611	98.9987	0.7196
612	99.0565	0.728898
613	99.0983	0.739753
614	99.1144	0.753264
615	99.14	0.759661
616	99.1548	0.768477
617	99.1696	0.77691
618	99.1696	0.77691
619	99.175	0.780771
620	99.1803	0.784576
621	99.1803	0.784576
622	99.2059	0.788584
623	99.2113	0.792141
624	99.2369	0.795116
625	99.253	0.79405
626	99.2692	0.792652
627	99.3015	0.788859
628	99.3055	0.788635
629	99.3217	0.78615
630	99.3271	0.788929
631	99.3271	0.788929
632	99.3271	0.788929
633	99.3271	0.788929
634	99.3271	0.788929
635	99.3271	0.788929
636	99.3271	0.788929
637	99.3271	0.788929
638	99.3271	0.788929
639	99.3432	0.786003
640	99.3432	0.786003
641	99.3432	0.786003
642	99.3432	0.786003
643	99.3432	0.786003
644	99.3432	0.786003
645	99.3594	0.782733
646	99.3594	0.782733
647	99.3755	0.779114
648	99.3755	0.779114
649	99.3917	0.775142
650	97.1267	1.76426
651	98.4531	1.77017
652	99.4495	1.23057
653	99.7929	0.950295
654	99.8429	0.889459
655	99.8465	0.889346
656	99.922	0.576094
657	99.9708	0.204629
658	99.9963	0.0363576
659	99.9963	0.0363576
660	99.9963	0.0363576
661	99.9963	0.0363576
662	99.9963	0.0363576
663	99.9963	0.0363576
664	99.9963	0.0363576
665	99.9963	0.0363576
666	99.9963	0.0363576
667	99.9963	0.0363576
668	99.9963	0.0363576
669	99.9963	0.0363576
670	99.9963	0.0363576
671	99.9963	0.0363576
672	99.9963	0.0363576
673	99.9963	0.0363576
674	99.9963	0.0363576
675	99.9963	0.0363576
676	99.9963	0.0363576
677	99.9963	0.0363576
678	99.9963	0.0363576
679	99.9963	0.0363576
680	99.9963	0.0363576
681	99.9963	0.0363576
682	100	0
683	100	0
684	100	0
685	100	0
686	100	0
687	100	0
688	100	0
689	100	0
690	100	0
691	100	0
692	100	0
693	100	0
694	100	0
695	100	0
696	100	0
697	100	0
698	100	0
699	100	0
700	98.8484	0.142534
701	98.8801	0.112555
702	98.8801	0.112555
703	98.9027	0.192972
704	98.9253	0.246544
705	98.9932	0.353948
706	99.0837	0.443779
707	99.129	0.476055
708	99.1742	0.502217
709	99.2873	0.546159
710	99.3326	0.556373
711	99.3552	0.56004
712	99.4118	0.565158
713	99.4344	0.565611
714	99.457	0.565158
715	99.4683	0.564592
716	99.4683	0.564592
717	99.4683	0.564592
718	99.4683	0.564592
719	99.4683	0.564592
720	99.4796	0.563798
721	99.4796	0.563798
722	99.4796	0.563798
723	99.4796	0.563798
724	99.4796	0.563798
725	99.4796	0.563798
726	99.4796	0.563798
727	99.4796	0.563798
728	99.491	0.562776
729	99.491	0.562776
730	99.491	0.562776
731	99.491	0.562776
732	99.491	0.562776
733	99.491	0.562776
734	99.5136	0.56004
735	99.5136	0.56004
736	99.5249	0.558324
737	99.5249	0.558324
738	99.5249	0.558324
739	99.5249	0.558324
740	99.5362	0.556373
741	99.5362	0.556373
742	99.5362	0.556373
743	99.5362	0.556373
744	99.5475	0.554183
745	99.5475	0.554183
746	99.5475	0.554183
747	99.5475	0.554183
748	99.5475	0.554183
749	99.5475	0.554183
750	99.5233	0.176036
751	99.6804	0.266432
752	99.87	0.231356
753	99.9729	0.118063
754	99.9892	0.0758397
755	100	0
756	100	0
757	100	0
758	100	0
759	100	0
760	100	0
761	100	0
762	100	0
763	100	0
764	100	0
765	100	0
766	100	0
767	100	0
768	100	0
769	100	0
770	100	0
771	100	0
772	100	0
773	100	0
774	100	0
775	100	0
776	100	0
777	100	0
778	100	0
779	100	0
780	100	0
781	100	0
782	100	0
783	100	0
784	100	0
785	100	0
786	100	0
787	100	0
788	100	0
789	100	0
790	100	0
791	100	0
792	100	0
793	100	0
794	100	0
795	100	0
796	100	0
797	100	0
798	100	0
799	100	0
800	14.4628	25.8756
