1	63.648	19.7836
2	71.0196	16.7388
3	76.5262	11.4788
4	78.5922	10.8358
5	80.3868	10.3944
6	81.3516	10.5947
7	82.9054	10.3298
8	84.6577	9.93949
9	85.4223	9.15286
10	86.4403	8.97316
11	88.0578	8.71883
12	89.2304	8.33645
13	90.3903	7.89677
14	91.0986	7.84764
15	92.1104	7.72286
16	92.7503	7.56365
17	93.5299	7.37735
18	94.174	7.74409
19	94.5162	7.15442
20	95.3214	6.70601
21	95.9207	6.61421
22	95.5274	11.4016
23	96.0183	10.7617
24	96.1414	10.8422
25	96.4605	11.2009
26	96.7316	10.8849
27	96.1191	14.3613
28	94.0898	19.7114
29	93.3794	21.7871
30	92.583	23.6442
31	90.5796	27.004
32	89.8002	28.3854
33	88.8391	29.8008
34	89.0353	29.8134
35	88.1137	31.0919
36	86.1572	33.4023
37	86.2589	33.4379
38	83.337	36.4526
39	81.3362	38.1814
40	78.3648	40.4684
41	78.4055	40.4849
42	78.4199	40.4818
43	77.4771	41.193
44	74.6314	43.1101
45	72.7009	44.2343
46	70.6369	45.1661
47	65.7184	47.185
48	63.8055	47.8614
49	60.8699	48.6775
50	56.8656	49.3959
51	54.8817	49.6472
52	51.897	49.8624
53	47.8993	49.8569
54	45.8528	49.6829
55	44.9039	49.6443
56	44.7611	49.4925
57	41.6883	49.0005
58	40.7843	48.9322
59	33.8227	47.1311
60	33.9216	47.2625
61	33.9514	47.3035
62	34.9489	47.6281
63	32.985	47.0001
64	28.9887	45.3586
65	29.964	45.7712
66	30.9558	46.1839
67	28.8906	45.2075
68	28.9616	45.3165
69	27.9562	44.8301
70	27.9562	44.8301
71	25.9774	43.8255
72	24.9061	43.1408
73	22.9334	41.9624
74	21.9631	41.3555
75	21.9522	41.3351
76	21.969	41.3665
77	21.9577	41.3453
78	21.9127	41.2624
79	21.9061	41.2506
80	22.8901	41.8842
81	24.8986	43.1276
82	26.8836	44.2066
83	28.8069	45.0802
84	28.8303	45.1169
85	27.8315	44.636
86	24.8548	43.0528
87	26.8722	44.1883
88	26.9003	44.2335
89	26.9013	44.2353
90	30.8904	46.0874
91	30.8568	46.0386
92	31.8516	46.4343
93	32.8564	46.8197
94	33.8844	47.2125
95	35.9297	47.9075
96	34.946	47.6245
97	31.9568	46.5858
98	32.9409	46.9384
99	28.9241	45.259
100	27.9725	44.8563
101	25.9558	43.7894
102	23.9671	42.6502
103	24.958	43.2291
104	25.9689	43.8113
105	24.9689	43.2478
106	26.9499	44.3142
107	27.9558	44.8296
108	26.9612	44.3327
109	25.9887	43.8445
110	26.972	44.3501
111	26.9558	44.3238
112	26.9499	44.3142
113	25.9499	43.7796
114	24.9391	43.1964
115	23.9273	42.5797
116	25.9273	43.7416
117	23.9499	42.6198
118	20.9499	40.6343
119	21.9558	41.342
120	19.9558	39.9122
121	18.9725	39.1738
122	21.9281	41.2919
123	26.9055	44.2431
124	28.8836	45.1969
125	27.87	44.6948
126	26.8919	44.2213
127	25.933	43.7527
128	24.9266	43.1785
129	23.9266	42.5821
130	20.9497	40.6352
131	19.9421	39.8858
132	17.9265	38.2666
133	19.9468	39.895
134	16.9468	37.4472
135	17.9079	38.225
136	17.9161	38.2419
137	13.9438	34.56
138	14.9497	35.5879
139	13.9551	34.5879
140	13.972	34.6295
141	18.852	38.9388
142	18.8688	38.9734
143	16.8688	37.2881
144	15.8395	36.3085
145	15.8282	36.2825
146	14.8341	35.328
147	17.8509	38.1156
148	19.8688	39.7516
149	22.8552	41.8322
150	21.9774	41.3823
151	21.972	41.3721
152	19.9774	39.955
153	16.9774	37.5136
154	19.985	39.9702
155	21.9534	41.3381
156	17.9534	38.3205
157	15.942	36.5293
158	18.9652	39.1586
159	18.9349	39.0966
160	16.944	37.4405
161	15.944	36.5332
162	17.9327	38.2761
163	17.9327	38.2761
164	17.9327	38.2761
165	18.9385	39.1042
166	18.8693	38.9696
167	17.8693	38.1493
168	18.9259	39.0797
169	19.9344	39.8714
170	18.9344	39.0972
171	18.9344	39.0972
172	22.8982	41.9
173	21.8122	41.087
174	19.8529	39.7209
175	17.8416	38.0962
176	16.8416	37.229
177	18.8416	38.9183
178	18.8416	38.9183
179	16.8959	37.3396
180	15.9208	36.4851
181	15.9887	36.6348
182	13.9887	34.6708
183	10.94	31.1219
184	11.94	32.3372
185	11.94	32.3372
186	9.94005	29.8237
187	10.94	31.1219
188	12.9287	33.4493
189	16.9287	37.4089
190	15.94	36.5263
191	16.9287	37.4089
192	13.9514	34.5813
193	11.9514	32.3678
194	12.9514	33.5078
195	14	34.6987
196	14	34.6987
197	13	33.6303
198	13.9887	34.6708
199	16.7794	37.1017
200	16.9887	37.5384
201	15.9887	36.6348
202	14.9833	35.6675
203	13.9887	34.6708
204	13.9887	34.6708
205	12.9887	33.6013
206	15.9887	36.6348
207	16.9887	37.5384
208	14.957	35.6062
209	13.9516	34.5802
210	14.9516	35.5933
211	12.9516	33.5066
212	15.9887	36.6348
213	13.9887	34.6708
214	15	35.7071
215	13	33.6303
216	11.9265	32.3047
217	12.9265	33.4476
218	11.9265	32.3047
219	13.9152	34.4957
220	13.9097	34.4822
221	15.9833	36.6225
222	15.9833	36.6225
223	17.9197	38.2532
224	16.9197	37.3918
225	17.9887	38.3948
226	18.9774	39.1837
227	18.9887	39.2069
228	18	38.4187
229	18	38.4187
230	19	39.2301
231	20	40
232	18.9887	39.2069
233	18.9915	39.2126
234	17.9887	38.3948
235	18	38.4187
236	19	39.2301
237	17	37.5633
238	17	37.5633
239	18	38.4187
240	18	38.4187
241	17.9887	38.3948
242	15.9887	36.6348
243	15.9887	36.6348
244	15.9672	36.5862
245	14.9672	35.6298
246	12.9672	33.5462
247	12.9672	33.5462
248	17.8077	38.0235
249	20.819	40.3918
250	19.8136	39.6392
251	20.972	40.6767
252	17.9774	38.3708
253	15.9887	36.6348
254	14.9887	35.6804
255	16.9318	37.4184
256	15.9354	36.518
257	13.9354	34.5443
258	13.9708	34.6274
259	12.9708	33.5559
260	12.9708	33.5559
261	11	31.289
262	10	30
263	11	31.289
264	11	31.289
265	10	30
266	10	30
267	12	32.4962
268	13	33.6303
269	14	34.6987
270	16	36.6606
271	13	33.6303
272	9	28.6182
273	12	32.4962
274	11	31.289
275	12	32.4962
276	13	33.6303
277	15	35.7071
278	15	35.7071
279	14	34.6987
280	11.9887	32.4657
281	14.9887	35.6804
282	13.9887	34.6708
283	11.9887	32.4657
284	9.98869	29.9663
285	10	30
286	10	30
287	11	31.289
288	11.8224	32.0603
289	11.9242	32.2968
290	14.9355	35.5591
291	13.9355	34.5445
292	12.9355	33.4693
293	7.93552	26.9174
294	6.93552	25.2867
295	7.93552	26.9174
296	10.9355	31.1116
297	11.9355	32.3274
298	12.9355	33.4693
299	12	32.4962
300	11	31.289
301	13	33.6303
302	13	33.6303
303	14	34.6987
304	17.9887	38.3948
305	15.9887	36.6348
306	14.9887	35.6804
307	12.9887	33.6013
308	12.9887	33.6013
309	12	32.4962
310	10	30
311	12	32.4962
312	15.9253	36.4967
313	16	36.6606
314	15	35.7071
315	11	31.289
316	14.8982	35.4784
317	15	35.7071
318	13	33.6303
319	13	33.6303
320	13	33.6303
321	16	36.6606
322	14	34.6987
323	10	30
324	9	28.6182
325	10	30
326	13.9163	34.5007
327	20.8869	40.5204
328	19.8869	39.7828
329	19.8756	39.7602
330	16.8756	37.2978
331	16.8507	37.2487
332	14.862	35.3947
333	15.862	36.3602
334	11.862	32.1397
335	13.8914	34.4454
336	13.8914	34.4454
337	14.8914	35.4642
338	13.8914	34.4454
339	11.8914	32.2189
340	12.8993	33.3839
341	13.8993	34.4628
342	14.8869	35.4547
343	16	36.6606
344	15	35.7071
345	12	32.4962
346	10	30
347	10	30
348	8	27.1293
349	9	28.6182
350	9.88801	29.683
351	10.888	30.9888
352	13.8722	34.3936
353	15.9129	36.4708
354	13.9129	34.493
355	15.9129	36.4708
356	15.9129	36.4708
357	14.9129	35.5098
358	13.9129	34.493
359	13.9129	34.493
360	9.9129	29.7502
361	11.9129	32.2711
362	12.8914	33.3601
363	13.9129	34.493
364	15	35.7071
365	13	33.6303
366	14	34.6987
367	13	33.6303
368	11.9095	32.2627
369	12.8982	33.3782
370	15.8982	36.4379
371	16.9106	37.3759
372	16.9106	37.3759
373	17.9106	38.2379
374	17.9106	38.2379
375	17.9106	38.2379
376	16.9106	37.3759
377	14.8428	35.3483
378	13.8428	34.3248
379	14.8801	35.4329
380	12.8801	33.3319
381	14.8801	35.4329
382	11.8801	32.1834
383	11.8801	32.1834
384	14.8801	35.4329
385	13.9695	34.6243
386	13.8959	34.4488
387	12.9265	33.4476
388	13.9265	34.5237
389	18	38.4187
390	17	37.5633
391	15.9946	36.6482
392	12	32.4962
393	12.914	33.4181
394	11.914	32.2738
395	15.8156	36.2596
396	18.6855	38.6189
397	20.6855	40.1581
398	19.6855	39.4087
399	21.5984	40.7113
400	22.6719	41.5217
401	20.6719	40.134
402	19.6719	39.3838
403	18.6719	38.5931
404	20.8416	40.44
405	17.8416	38.0978
406	18.8778	38.9868
407	15.8778	36.3901
408	14.8778	35.4259
409	15.9514	36.5522
410	14.9514	35.5945
411	12	32.4962
412	12	32.4962
413	14	34.6987
414	14.8609	35.4015
415	12.8609	33.2972
416	10.7952	30.7389
417	12.8609	33.2972
418	12.8303	33.2186
419	13.9695	34.6243
420	10.9695	31.2035
421	10.9695	31.2035
422	10.9695	31.2035
423	11.9695	32.4148
424	15.9695	36.5918
425	15	35.7071
426	15	35.7071
427	16	36.6606
428	14	34.6987
429	9	28.6182
430	12	32.4962
431	12	32.4962
432	11	31.289
433	9	28.6182
434	5	21.7945
435	6	23.7487
436	7	25.5147
437	7	25.5147
438	9.95588	29.8706
439	10.9559	31.1663
440	11.9559	32.3794
441	9.95588	29.8706
442	11.9559	32.3794
443	13.9276	34.5263
444	15.9276	36.5015
445	18.9276	39.087
446	21.8337	41.1271
447	19.8337	39.6834
448	17.9276	38.2707
449	15.9276	36.5015
450	14.9276	35.5417
451	16	36.6606
452	16	36.6606
453	15	35.7071
454	14	34.6987
455	12.9265	33.4476
456	12.9265	33.4476
457	12.9265	33.4476
458	11.8088	32
459	10.8088	30.7672
460	12.8824	33.3416
461	15.8824	36.4056
462	15.7805	36.1837
463	16.7319	36.9978
464	18.7805	38.8018
465	16.8869	37.3264
466	16.8869	37.3264
467	16.8869	37.3264
468	12.8869	33.352
469	12.8869	33.352
470	14.9446	35.5778
471	12.9446	33.4897
472	10.9559	31.1663
473	11.9559	32.3794
474	11.9559	32.3794
475	11.9559	32.3794
476	16	36.6606
477	15	35.7071
478	15	35.7071
479	15	35.7071
480	19	39.2301
481	18	38.4187
482	19	39.2301
483	20	40
484	22	41.4246
485	20	40
486	18	38.4187
487	14	34.6987
488	14	34.6987
489	14.9785	35.6566
490	15.9785	36.6119
491	16.9785	37.5164
492	14.9785	35.6566
493	12.9785	33.5754
494	14.9785	35.6566
495	13.9785	34.6461
496	12.9785	33.5754
497	11.9785	32.4386
498	13	33.6303
499	13	33.6303
500	15	35.7071
501	13	33.6303
502	11	31.289
503	12.9887	33.6013
504	11.9887	32.4657
505	12.8925	33.3651
506	11.8925	32.2182
507	13.8925	34.4448
508	13.9887	34.6708
509	12.9887	33.6013
510	12.9887	33.6013
511	11.9887	32.4657
512	14.9887	35.6804
513	14	34.6987
514	14	34.6987
515	12	32.4962
516	10.9276	31.0907
517	13.9276	34.5263
518	14.9276	35.5417
519	15.9276	36.5015
520	14.9378	35.5641
521	14.9378	35.5641
522	11.9378	32.3332
523	11	31.289
524	11	31.289
525	12	32.4962
526	14	34.6987
527	13	33.6303
528	16.9242	37.403
529	18.9785	39.1863
530	19	39.2301
531	17	37.5633
532	18	38.4187
533	15	35.7071
534	15	35.7071
535	14	34.6987
536	14	34.6987
537	11	31.289
538	12	32.4962
539	12.8993	33.3839
540	11	31.289
541	10	30
542	12	32.4962
543	10	30
544	8	27.1293
545	10.8609	30.9217
546	13	33.6303
547	11	31.289
548	10	30
549	12	32.4962
550	10	30
551	10	30
552	10	30
553	11	31.289
554	9	28.6182
555	9	28.6182
556	10	30
557	11	31.289
558	11	31.289
559	7.89819	26.801
560	9.89819	29.7103
561	6.89819	25.1613
562	8.89819	28.3107
563	10	30
564	9	28.6182
565	11	31.289
566	12	32.4962
567	13	33.6303
568	13	33.6303
569	11.9265	32.3047
570	13.9887	34.6708
571	16.9887	37.5384
572	16.9163	37.3849
573	17.9163	38.2466
574	19.9163	39.8389
575	20.9457	40.629
576	16.9457	37.447
577	17.9457	38.3065
578	19.9457	39.8949
579	18.9457	39.1215
580	17.8665	38.1446
581	14.8665	35.4007
582	14.8665	35.4007
583	12.8665	33.2968
584	12.9457	33.4939
585	10.8495	30.8774
586	11.8495	32.1048
587	13	33.6303
588	10	30
589	9	28.6182
590	9	28.6182
591	9	28.6182
592	8	27.1293
593	6	23.7487
594	7	25.5147
595	7	25.5147
596	8	27.1293
597	9	28.6182
598	11	31.289
599	11	31.289
600	13	33.6303
601	15	35.7071
602	15	35.7071
603	13	33.6303
604	14	34.6987
605	13	33.6303
606	13	33.6303
607	11	31.289
608	13	33.6303
609	13	33.6303
610	10	30
611	8	27.1293
612	9	28.6182
613	10	30
614	10.9321	31.1026
615	10.9321	31.1026
616	10.9321	31.1026
617	12.8744	33.3156
618	13.8744	34.3974
619	13.8778	34.4053
620	18.8778	38.9865
621	18.776	38.7873
622	18.6652	38.5703
623	21.6652	40.8249
624	20.776	40.3157
625	18.8778	38.9865
626	20.8778	40.5023
627	16.8778	37.3023
628	17.905	38.2213
629	16.9457	37.447
630	17.9457	38.3065
631	17	37.5633
632	16	36.6606
633	15.8348	36.2987
634	16.9242	37.403
635	15	35.7071
636	14	34.6987
637	14	34.6987
638	15	35.7071
639	14	34.6987
640	12	32.4962
641	8	27.1293
642	9	28.6182
643	6	23.7487
644	8	27.1293
645	12	32.4962
646	11	31.289
647	10	30
648	7	25.5147
649	9	28.6182
650	9	28.6182
651	8	27.1293
652	10	30
653	9	28.6182
654	8	27.1293
655	11	31.289
656	13.8914	34.4454
657	14.8914	35.4642
658	13.8914	34.4454
659	14.8914	35.4642
660	12.8914	33.3657
661	14.8914	35.4642
662	15.8914	36.427
663	14.8914	35.4642
664	14	34.6987
665	15	35.7071
666	13	33.6303
667	12	32.4962
668	11	31.289
669	10	30
670	7	25.5147
671	9	28.6182
672	9	28.6182
673	8.90611	28.3335
674	11	31.289
675	14	34.6987
676	14	34.6987
677	9	28.6182
678	8	27.1293
679	9.96833	29.9065
680	8.96833	28.519
681	8.96833	28.519
682	9.90724	29.7347
683	13.914	34.4956
684	11.914	32.2738
685	11.914	32.2738
686	13.8631	34.372
687	12.8631	33.2891
688	11.8631	32.1386
689	11.914	32.2738
690	12	32.4962
691	11	31.289
692	9	28.6182
693	11	31.289
694	11	31.289
695	10	30
696	9	28.6182
697	12	32.4962
698	12	32.4962
699	14	34.6987
700	18	38.4187
701	18	38.4187
702	14	34.6987
703	15	35.7071
704	17	37.5633
705	15	35.7071
706	15	35.7071
707	17	37.5633
708	17.8891	38.1973
709	17	37.5633
710	17.9163	38.2487
711	12.9163	33.4235
712	11.9163	32.2794
713	12.9163	33.4235
714	16.9163	37.3871
715	14.9163	35.5171
716	13.9163	34.5007
717	13.9163	34.5007
718	16.9163	37.3871
719	18.9163	39.0657
720	18.9163	39.0657
721	20.8473	40.4478
722	20.8948	40.5353
723	18.9785	39.1863
724	13.9785	34.6461
725	14.9785	35.6566
726	15.9785	36.6119
727	15.9785	36.6119
728	17	37.5633
729	16	36.6606
730	17	37.5633
731	16	36.6606
732	14	34.6987
733	13	33.6303
734	10.9186	31.067
735	6.91855	25.2291
736	5.91855	23.4381
737	4.91855	21.4518
738	5.91855	23.4381
739	11	31.289
740	11	31.289
741	9	28.6182
742	9	28.6182
743	10	30
744	10	30
745	10.914	31.0553
746	14	34.6987
747	13	33.6303
748	12	32.4962
749	14	34.6987
750	10	30
751	11	31.289
752	13	33.6303
753	12	32.4962
754	12	32.4962
755	9	28.6182
756	10	30
757	10.9231	31.0788
758	9.92308	29.7782
759	10.8484	30.873
760	11.8484	32.1006
761	14.7511	35.1387
762	16.8258	37.1966
763	14.8258	35.3114
764	14.8258	35.3114
765	12.8258	33.1993
766	10.9027	31.0261
767	6.90271	25.1762
768	4.90271	21.3881
769	5.90271	23.3805
770	9.90271	29.7225
771	10.759	30.6279
772	11.914	32.2738
773	13.914	34.4956
774	13.914	34.4956
775	15.8993	36.443
776	15.8993	36.443
777	17.8993	38.2164
778	17.7161	37.8484
779	16.8428	37.2337
780	14.8869	35.4547
781	17.8993	38.2164
782	17.8676	38.1473
783	14.8676	35.4037
784	15.8676	36.3687
785	15.8676	36.3687
786	15.8676	36.3687
787	14.9197	35.5201
788	16.8303	37.2013
789	16.8303	37.2013
790	15.9197	36.4806
791	14.9593	35.6124
792	14.9593	35.6124
793	13.9593	34.6
794	14.9593	35.6124
795	16.9593	37.4754
796	15.8891	36.4224
797	14.8314	35.3253
798	13.8314	34.3008
799	17.7455	37.9011
800	18.7455	38.7299
