1	68.5403	15.5258
2	73.3368	12.1759
3	77.081	11.1651
4	79.9581	9.61711
5	82.6803	8.40429
6	83.4015	7.9895
7	84.8136	7.51186
8	85.9751	7.21497
9	87.2711	6.71442
10	88.3781	6.36845
11	89.3422	6.22696
12	90.1841	6.249
13	91.2398	5.71893
14	92.3479	5.69858
15	93.2087	6.14671
16	94.1075	5.93982
17	94.9431	5.16612
18	94.9612	6.26097
19	95.8029	6.25653
20	96.3757	5.16272
21	96.54	5.23327
22	97.1889	4.88197
23	97.2389	5.00895
24	97.7158	4.76687
25	97.4776	5.78531
26	97.7448	6.11105
27	97.54	6.40492
28	97.9989	5.35902
29	98.0528	4.86686
30	98.1733	4.71009
31	97.7986	5.14863
32	98.2494	4.51104
33	98.4041	4.41701
34	98.3606	4.55191
35	98.0748	5.33801
36	97.7418	6.45681
37	97.3707	8.24989
38	97.4375	7.84621
39	96.8873	8.00994
40	96.9481	7.07391
41	96.2594	8.13405
42	94.0917	12.3629
43	94.0398	11.7663
44	94.4595	11.4523
45	94.6951	10.8038
46	94.6444	10.0169
47	94.8122	9.60118
48	95.5737	7.56288
49	95.2787	8.08707
50	95.5453	7.79653
51	96.0004	6.89716
52	96.1471	6.58482
53	95.4773	7.9087
54	96.3403	6.86886
55	95.3841	8.41066
56	94.9927	9.57388
57	95.6559	8.56177
58	95.5763	8.54649
59	95.4321	8.90738
60	95.0964	9.22435
61	95.0896	9.20239
62	95.3013	8.39947
63	94.7896	9.1844
64	94.9424	9.06832
65	94.0481	9.99154
66	94.5521	8.98099
67	93.8204	9.67826
68	93.7962	9.75745
69	94.2	9.3617
70	94.4113	9.17743
71	94.5457	9.11605
72	94.8402	8.35611
73	95.0111	8.20165
74	95.0449	8.14903
75	95.4597	7.99325
76	95.5862	8.11903
77	95.7004	8.68264
78	95.3962	8.24684
79	95.2959	8.43756
80	95.7803	7.91292
81	96.0097	7.74348
82	96.5694	6.53176
83	96.9297	5.9791
84	96.9652	6.06017
85	97.084	5.93704
86	95.9098	8.48059
87	96.1992	7.78374
88	95.7526	8.64288
89	95.6439	8.88849
90	95.7703	7.76631
91	96.6333	6.78087
92	96.6163	6.80361
93	96.6376	6.93431
94	97.4604	4.94539
95	97.5057	5.01181
96	97.4704	5.6458
97	97.7339	5.03677
98	97.8296	4.96213
99	97.7571	5.74296
100	97.7096	5.75042
101	97.7622	5.74102
102	97.1028	7.14959
103	96.4746	8.46872
104	96.8909	7.03982
105	96.4694	7.76943
106	96.6345	7.34177
107	96.8485	7.12788
108	96.387	9.34009
109	96.2064	9.78689
110	95.8162	10.3365
111	95.7857	10.5951
112	96.2977	8.44129
113	95.9137	9.13722
114	95.9447	9.41989
115	95.9321	9.14407
116	96.4369	8.38653
117	96.4767	8.03935
118	95.5909	9.52306
119	95.4788	9.50601
120	93.7772	11.6992
121	94.0447	11.3223
122	93.7935	11.336
123	93.5257	12.1708
124	95.1939	9.39243
125	95.1036	9.39845
126	95.2657	9.17835
127	95.377	7.50631
128	95.6569	7.3039
129	96.4966	6.2515
130	96.5565	6.34952
131	95.8445	7.84302
132	96.4682	7.39051
133	96.3886	7.77143
134	95.9194	8.46434
135	95.7602	8.45767
136	95.5322	8.56787
137	95.4407	8.87128
138	95.8266	8.68849
139	95.7313	8.85621
140	95.7247	8.4162
141	95.713	8.28902
142	95.7249	8.3898
143	96.2224	7.92626
144	95.8123	8.47269
145	95.1043	9.36658
146	95.6429	8.86053
147	95.5553	9.03402
148	95.1518	9.27016
149	94.8515	10.0911
150	95.0329	10.0525
151	95.3335	8.80432
152	96.0293	7.63219
153	96.4343	7.20044
154	96.8365	6.35281
155	96.7444	6.42292
156	95.9429	7.49552
157	96.3642	7.10064
158	96.7326	6.92486
159	96.7167	6.96078
160	96.8645	7.18912
161	97.6829	5.55081
162	97.7136	5.70285
163	97.7033	5.73411
164	98.1246	5.23802
165	97.809	6.58302
166	97.2878	7.25465
167	97.3304	7.27558
168	97.9176	5.37736
169	98.0959	5.08352
170	98.0751	5.1927
171	97.8365	5.35418
172	98.1699	4.74385
173	97.6599	6.34728
174	98.5018	4.3557
175	98.604	4.20545
176	97.8366	5.91541
177	97.4854	6.39176
178	97.7457	5.75839
179	97.3749	6.74155
180	97.0506	7.13445
181	96.8535	7.50703
182	96.5237	7.94348
183	96.7128	7.88691
184	96.4655	8.24145
185	96.3968	7.85332
186	96.7616	7.23267
187	96.8743	6.92387
188	96.9258	6.9978
189	96.8429	6.8853
190	96.4845	7.06841
191	96.4109	7.15795
192	96.0942	7.5832
193	95.3239	8.09756
194	95.5181	7.95409
195	95.7972	7.21642
196	95.9985	7.30247
197	95.6227	7.67317
198	95.3611	7.90065
199	95.8508	7.74875
200	96.0609	7.4256
201	95.8913	7.57323
202	95.3563	8.06659
203	96.0018	7.55993
204	96.5894	6.63031
205	97.0404	6.24239
206	97.8663	5.42635
207	97.781	6.06899
208	97.7951	6.04509
209	97.3759	6.96863
210	97.0005	7.45897
211	97.1792	6.88342
212	97.237	6.95029
213	97.3324	6.87193
214	97.0637	7.12119
215	96.8269	8.03907
216	97.5795	7.06537
217	97.7989	6.08504
218	97.7598	6.60536
219	97.6006	6.44932
220	97.5097	6.47886
221	97.4809	6.42013
222	97.537	6.44995
223	97.0956	6.94645
224	97.1417	6.91586
225	96.9696	6.39559
226	96.7793	6.88133
227	97.2131	6.57464
228	97.1381	6.7802
229	97.0412	6.86248
230	97.1021	6.98769
231	96.8316	7.89495
232	97.245	7.38392
233	97.3346	7.47426
234	97.9587	6.14692
235	97.3922	6.82996
236	97.4556	6.91201
237	97.4569	6.35258
238	97.5979	6.27642
239	97.63	6.3434
240	97.8591	5.83864
241	97.7237	5.68777
242	97.6154	5.88667
243	96.4023	7.63296
244	96.3723	7.80319
245	96.6418	7.57912
246	97.3829	6.29886
247	97.3277	6.56399
248	97.4315	6.21592
249	96.814	6.85712
250	96.7303	6.82201
251	96.7365	7.02386
252	96.9032	6.8129
253	97.3024	6.02758
254	97.426	5.1663
255	97.4988	5.46965
256	97.0953	6.41787
257	96.8601	6.75867
258	96.663	6.74211
259	96.9955	6.63433
260	97.3376	6.32071
261	96.8672	7.10639
262	96.7846	7.22569
263	96.8585	7.01064
264	96.8971	6.79447
265	96.88	6.87324
266	96.6853	7.21091
267	96.4779	7.4966
268	96.2046	8.0255
269	96.6087	7.40008
270	96.7848	6.97682
271	96.9146	6.89508
272	96.6981	7.34093
273	96.8796	7.30526
274	97.1203	7.21778
275	97.4413	6.58165
276	96.8926	7.43734
277	97.4307	6.39098
278	96.8621	7.20099
279	96.5266	7.40309
280	96.3514	7.58105
281	96.7712	7.02847
282	96.8944	6.99961
283	96.8022	7.00862
284	96.4412	7.83156
285	96.9538	7.2154
286	97.2475	6.98643
287	97.3052	6.83312
288	97.6308	6.25082
289	97.1633	6.91758
290	96.7658	7.4216
291	97.2373	7.09155
292	96.977	7.77639
293	96.0609	8.58799
294	96.1104	8.44672
295	96.2356	8.33684
296	96.3902	7.79926
297	97.4357	6.33901
298	98.0252	5.37116
299	97.8366	5.18194
300	97.9202	4.95384
301	98.0106	4.9289
302	98.344	4.52383
303	97.6984	5.88524
304	97.6139	5.86661
305	97.5102	6.21314
306	97.8011	5.83731
307	98.1819	4.94033
308	98.1271	5.27827
309	98.0884	5.42955
310	97.9234	6.0666
311	98.0075	5.78775
312	97.9502	5.92562
313	98.0897	5.8426
314	97.6919	6.25636
315	97.5365	6.50687
316	97.3528	6.54863
317	97.4388	6.03573
318	97.7032	5.81527
319	98.0436	5.35691
320	97.3803	6.18389
321	97.3083	6.04421
322	97.3227	6.0469
323	96.7949	6.86753
324	97.1973	6.371
325	97.1873	6.43538
326	97.3547	6.27459
327	97.6176	6.16462
328	97.8685	5.71242
329	97.2952	6.52904
330	97.3817	6.0763
331	97.3502	6.34059
332	97.9369	5.50514
333	97.9587	5.08573
334	98.2515	4.62969
335	98.0886	5.39189
336	97.6173	6.21364
337	96.9858	7.21399
338	96.5393	7.8129
339	96.8061	7.16498
340	97.8294	5.19879
341	97.8093	5.25002
342	97.5963	5.84953
343	97.9063	5.29824
344	98.3442	4.48535
345	97.8836	5.61745
346	97.9128	5.1465
347	97.5471	5.48748
348	97.583	5.36973
349	97.7201	5.17635
350	97.4935	5.50135
351	97.4039	5.67415
352	97.657	5.71204
353	97.7342	5.46744
354	97.8689	5.18159
355	97.9339	5.24921
356	97.6842	5.53125
357	97.4954	5.70691
358	97.8385	5.13671
359	97.1372	6.63968
360	96.974	6.53774
361	96.8644	6.60894
362	96.9811	6.5568
363	97.2082	6.48777
364	97.4728	6.3374
365	97.0118	6.40321
366	97.5415	5.66421
367	97.4419	6.54788
368	97.8743	5.45006
369	97.8562	5.44904
370	97.2474	6.34135
371	97.2594	6.29747
372	96.7952	7.14553
373	96.8825	6.94466
374	97.3374	6.18121
375	97.4119	6.2932
376	97.1759	6.72721
377	97.5289	6.09425
378	97.5213	6.40193
379	97.7949	5.96183
380	97.8657	5.96483
381	97.8936	5.94342
382	97.9576	5.86275
383	98.3266	5.55266
384	98.1145	5.88019
385	98.289	5.61307
386	97.8565	6.15845
387	98.0038	5.81842
388	97.9503	6.43935
389	98.1617	6.22394
390	98.4018	5.09981
391	98.3898	5.12068
392	98.4979	4.78629
393	98.3127	5.0559
394	98.0728	5.48358
395	98.2953	4.89378
396	98.1886	5.01687
397	98.1649	5.29248
398	98.1028	5.45952
399	98.0101	5.59805
400	97.391	6.34429
401	97.3537	6.14454
402	97.0729	6.10803
403	97.0583	5.80965
404	96.1938	7.2087
405	96.8872	6.51202
406	97.1454	5.93457
407	96.9774	6.07357
408	97.6401	5.27263
409	97.575	5.42613
410	97.7653	5.52933
411	97.7769	5.47021
412	96.9279	6.52276
413	97.5005	6.04462
414	97.5486	6.05133
415	97.0447	6.57503
416	97.2931	6.00052
417	97.4576	5.85644
418	96.7985	6.63485
419	97.0079	6.41777
420	96.6805	7.25813
421	97.0839	7.02771
422	96.8476	7.14304
423	96.9687	6.97174
424	97.0965	6.90241
425	97.3658	6.36496
426	97.5383	6.4116
427	97.7024	6.37385
428	97.6635	6.36641
429	97.6322	6.53272
430	97.7934	6.21609
431	98.3637	4.79533
432	98.8389	3.80631
433	99.0041	3.22117
434	98.755	3.73447
435	98.7846	4.26706
436	98.4778	4.92324
437	98.6208	4.86964
438	98.4169	5.02112
439	98.283	4.93939
440	98.253	5.28744
441	98.3518	5.27951
442	98.0163	6.06036
443	97.9612	6.06711
444	97.989	5.92374
445	98.0593	5.41543
446	98.1996	4.97155
447	97.783	5.94696
448	98.1569	5.01475
449	97.9633	4.83397
450	97.5652	5.80332
451	97.2904	6.03975
452	97.064	6.16354
453	96.5161	6.54434
454	97.0737	5.85343
455	97.3152	5.48841
456	97.0688	5.9382
457	97.249	5.77159
458	97.4954	5.74663
459	98.0095	5.1909
460	97.9643	5.52866
461	97.8127	5.7829
462	97.9196	5.48624
463	98.0526	5.22953
464	98.4351	4.58734
465	98.1795	5.17969
466	98.1551	5.066
467	98.3498	4.59337
468	98.2953	4.5222
469	98.2511	4.58422
470	97.7997	5.51306
471	97.7919	5.3911
472	97.4262	5.9003
473	97.1587	6.39482
474	97.1874	6.19392
475	97.5733	5.91868
476	97.0065	6.52528
477	97.507	6.07838
478	97.2804	6.25371
479	97.6975	5.6553
480	98.1369	4.93281
481	98.0671	4.99936
482	98.1497	4.74164
483	98.3737	4.61562
484	98.5262	4.15056
485	98.9613	3.40361
486	98.7279	4.14111
487	98.3107	4.68054
488	98.6551	4.23261
489	98.6699	4.23055
490	98.2374	4.67573
491	98.2202	4.71988
492	98.2825	4.72027
493	98.4119	4.45963
494	98.0471	5.24559
495	98.2145	4.84006
496	98.1015	5.07127
497	97.6032	5.6932
498	97.2854	6.26901
499	97.2055	6.28479
500	97.248	6.26224
501	98.234	4.95818
502	98.3451	4.73964
503	97.8357	5.64856
504	97.7812	5.67735
505	97.8898	5.1785
506	98.1964	5.03371
507	98.2928	4.98505
508	98.1795	5.09622
509	97.431	6.24215
510	97.9385	5.22813
511	98.0423	5.21948
512	98.4146	4.71785
513	98.3986	4.41927
514	98.3615	4.69299
515	98.6335	3.74378
516	98.7976	3.44948
517	98.7183	4.15623
518	98.8575	3.56643
519	98.8431	3.70843
520	98.7682	3.85923
521	98.3608	4.50007
522	98.0236	5.16225
523	98.6333	3.79652
524	98.3847	4.25754
525	98.7304	3.74914
526	98.6922	3.74623
527	98.4403	4.23022
528	98.0731	5.13365
529	98.4172	4.32746
530	98.3902	4.48721
531	98.5109	4.27125
532	98.3217	4.87761
533	98.328	4.97745
534	98.1898	5.32892
535	98.4242	4.72188
536	98.314	4.82886
537	98.261	4.52311
538	98.5535	4.09813
539	98.28	4.50133
540	98.5665	4.27584
541	98.4787	4.66041
542	98.6227	4.50148
543	98.3704	5.05411
544	98.461	4.54777
545	98.8212	3.73676
546	98.7851	3.74098
547	98.8434	3.69975
548	98.4902	4.69075
549	98.6182	4.24309
550	98.3242	4.86923
551	98.2896	4.87995
552	98.6128	4.52746
553	98.5403	4.552
554	98.2046	5.2881
555	97.9541	5.83819
556	97.68	6.23923
557	97.6421	6.2604
558	98.0824	5.67181
559	97.9099	5.94208
560	97.8902	6.13327
561	97.7726	6.26102
562	98.0755	5.65842
563	98.3181	5.22312
564	98.15	5.4021
565	97.9286	5.50775
566	98.0024	5.50686
567	97.9648	5.8911
568	97.7023	5.9696
569	97.4204	6.59944
570	97.8866	5.71817
571	97.9244	5.68652
572	98.2763	4.8282
573	98.0937	5.33554
574	98.0191	5.31176
575	98.3513	5.03749
576	98.1495	5.36024
577	98.3	5.25045
578	98.2775	5.28518
579	98.1648	5.37325
580	98.0924	5.20818
581	98.5864	4.19884
582	98.3136	4.57915
583	98.3319	4.71267
584	98.2191	4.95233
585	98.2432	5.00925
586	98.1801	4.84292
587	98.0019	4.94579
588	97.3995	5.69886
589	97.3937	5.65429
590	97.3099	6.04263
591	97.6593	5.50063
592	97.6235	5.63343
593	97.4444	5.87291
594	97.2561	6.39146
595	96.8346	7.32286
596	96.875	7.27195
597	97.1887	6.88649
598	96.884	7.32276
599	97.282	6.74252
600	97.3191	6.58555
601	97.2555	6.70321
602	97.1541	6.77487
603	97.1156	6.7795
604	97.2576	6.58358
605	97.325	6.29893
606	97.2696	6.50387
607	97.2722	6.12971
608	97.3815	6.10043
609	97.6775	5.71568
610	97.6801	5.97959
611	97.4725	6.31764
612	96.5207	7.19824
613	96.6859	7.18862
614	97.0406	6.8828
615	97.4386	6.23457
616	97.3622	5.89969
617	97.5957	5.29291
618	97.6749	5.24778
619	98.2396	4.38065
620	98.6674	3.50579
621	98.4424	3.72054
622	98.1194	4.61533
623	98.4796	3.8753
624	98.729	3.45699
625	98.7155	3.48241
626	98.5846	3.68333
627	98.9849	2.80468
628	98.7263	3.33666
629	98.6916	3.37046
630	98.7788	3.30578
631	98.9248	3.01849
632	98.7173	3.53966
633	98.5438	3.84574
634	99.0198	3.17324
635	98.9086	4.05817
636	98.7077	4.51288
637	98.7016	4.63284
638	98.5528	4.61214
639	98.4674	4.66333
640	98.0899	4.98046
641	97.9873	5.49926
642	97.9914	5.37993
643	97.8502	5.55651
644	97.9415	5.34809
645	97.8861	5.54144
646	98.4178	4.29246
647	97.6134	5.25859
648	97.8931	4.97279
649	98.2515	4.75803
650	98.0195	5.08962
651	98.2397	4.71154
652	97.8373	5.26094
653	97.9763	5.25705
654	98.0912	5.2438
655	98.1013	4.43881
656	97.9315	4.73437
657	98.1056	4.66629
658	98.1742	4.5975
659	97.8525	4.97922
660	98.1436	4.71144
661	98.4769	4.48943
662	98.695	4.15102
663	98.7303	4.10286
664	98.8054	3.82284
665	99.0712	2.8385
666	99.0028	3.08494
667	98.9522	3.16803
668	98.7914	3.50517
669	98.7459	3.6405
670	98.9348	3.25179
671	98.7323	3.94191
672	98.7106	4.37683
673	98.5628	4.5815
674	98.7898	3.98283
675	98.4262	4.81838
676	98.638	4.57147
677	98.5789	4.51897
678	98.5757	4.69865
679	98.3021	5.08507
680	98.2938	4.9037
681	98.42	4.69843
682	97.9141	5.35505
683	97.7765	5.39968
684	97.7964	5.30374
685	97.6298	5.46555
686	97.4991	5.48002
687	97.9871	4.6399
688	97.5526	5.1338
689	97.4327	5.10072
690	97.4018	5.21226
691	97.9268	4.1917
692	97.8773	4.38025
693	97.894	4.53592
694	97.6649	4.73016
695	97.7751	4.84744
696	97.8992	4.76171
697	97.828	4.83046
698	98.135	4.20533
699	98.2485	4.2656
700	98.093	5.12721
701	98.17	4.9304
702	98.397	4.31695
703	98.372	4.66346
704	98.4524	4.67691
705	98.6071	4.09593
706	98.923	3.41239
707	98.7059	3.74402
708	98.4564	4.37514
709	98.4334	4.5218
710	99.0375	3.40793
711	98.7431	3.85187
712	98.3868	4.6303
713	98.5197	4.36808
714	98.3875	4.47348
715	98.5649	4.11729
716	98.4325	4.26758
717	97.4753	5.64682
718	97.9102	4.87085
719	97.9897	4.70671
720	97.9649	4.63431
721	97.8509	5.18358
722	97.7596	5.36693
723	97.9052	5.31239
724	98.1173	4.97395
725	98.125	5.03995
726	98.1966	5.01514
727	98.5911	4.24311
728	98.399	4.66757
729	98.388	4.68585
730	98.5438	4.63429
731	98.5145	4.15853
732	98.2977	4.40232
733	97.924	4.926
734	97.7125	5.43314
735	97.8762	5.09598
736	97.5474	5.34642
737	97.4896	5.32741
738	97.549	5.34493
739	97.7187	5.23032
740	97.6943	5.17016
741	97.7276	5.12869
742	98.1568	4.43989
743	98.4381	4.18732
744	98.2455	4.34185
745	98.3791	4.173
746	98.2838	4.29482
747	98.5556	4.01998
748	98.5133	4.08045
749	98.3701	4.06029
750	98.1312	4.60693
751	98.0088	4.86418
752	98.2874	3.94832
753	98.0918	4.42503
754	98.1391	4.42256
755	97.6102	5.35231
756	97.6288	5.3342
757	97.9626	4.90145
758	97.7789	5.27522
759	97.6794	5.36941
760	97.5273	5.42366
761	97.6699	5.26299
762	97.8339	5.03361
763	97.63	5.31646
764	97.6816	5.19174
765	98.1049	4.6629
766	98.2625	4.46893
767	98.5913	3.87218
768	98.7092	3.66385
769	98.7315	3.7453
770	98.2207	4.81056
771	98.123	5.06561
772	98.0644	4.87747
773	98.3784	4.28071
774	98.5227	4.20823
775	98.674	3.95772
776	98.5859	4.21347
777	98.868	3.9243
778	99.222	2.81972
779	99.1967	2.925
780	99.3131	2.57252
781	99.3763	2.48893
782	99.5242	2.15716
783	99.2079	3.09088
784	99.0095	3.77452
785	99.1821	3.43076
786	98.8515	3.8696
787	98.6146	4.15657
788	98.5992	4.24157
789	98.8392	3.76253
790	98.5788	3.99737
791	98.583	3.99865
792	98.4574	4.15331
793	98.4743	4.15783
794	98.423	4.22695
795	98.3069	4.45459
796	98.5645	3.93015
797	98.5521	3.952
798	98.4838	4.30004
799	97.9301	4.81684
800	97.8761	5.11928
