1	67.8982	15.6864
2	72.1833	12.4432
3	75.4858	10.796
4	78.1932	9.01373
5	80.1888	8.8605
6	81.9571	8.73861
7	83.1908	8.33775
8	84.5522	7.15032
9	85.7839	6.93256
10	86.2211	6.82271
11	87.7633	6.97255
12	88.8607	7.2531
13	90.395	6.5354
14	91.1816	5.95712
15	91.9099	5.92857
16	92.4569	6.38559
17	93.5572	6.06722
18	94.3253	5.50513
19	95.0171	4.84547
20	95.9726	4.67837
21	96.8067	4.21182
22	97.1485	3.98446
23	97.6809	3.35339
24	98.1003	3.16223
25	96.786	10.7581
26	95.5892	14.639
27	96.4487	11.61
28	97.2052	9.25881
29	96.97	11.4984
30	97.2787	11.2914
31	97.338	11.2334
32	96.3467	14.7195
33	96.9748	11.5655
34	93.4439	21.018
35	93.3745	20.5154
36	92.7879	21.2521
37	93.9059	18.6081
38	94.024	16.7111
39	94.5928	16.224
40	93.5109	18.8067
41	92.9033	19.9241
42	93.1518	18.7478
43	91.6292	21.7495
44	89.5256	25.6166
45	91.1248	22.0556
46	92.3017	19.2429
47	90.5766	23.1151
48	88.2573	25.4333
49	89.1453	22.5475
50	87.14	25.0317
51	85.4345	26.8219
52	87.0397	22.8464
53	86.5181	24.4487
54	87.2526	21.7416
55	83.9924	27.3771
56	82.6202	28.5675
57	83.6381	25.7878
58	82.44	27.7369
59	83.2044	27.525
60	83.9957	26.3044
61	84.7452	25.2414
62	82.1951	28.6486
63	83.6956	25.7344
64	85.4825	23.5556
65	86.4733	22.0003
66	84.8124	25.6143
67	83.9684	26.7403
68	85.8662	23.3677
69	87.8938	20.6755
70	88.9867	18.6809
71	89.5173	17.9459
72	87.3397	23.2046
73	88.4555	20.5305
74	89.3668	19.5441
75	90.9715	16.9027
76	90.0651	18.9819
77	90.03	20.0596
78	93.3089	10.8502
79	93.5541	10.4829
80	93.5924	13.2016
81	94.6606	10.4823
82	92.3871	17.2547
83	92.023	18.7586
84	92.8662	16.8799
85	92.3801	18.6254
86	91.3922	22.0956
87	91.6803	22.1136
88	91.1331	21.7922
89	91.3939	21.2245
90	91.1009	22.7698
91	91.1361	22.6854
92	89.8738	23.9306
93	87.4588	28.2643
94	88.1748	27.0791
95	88.3441	25.5957
96	90.3016	21.9773
97	90.2735	22.1178
98	90.4726	22.2177
99	90.48	22.1707
100	91.3302	21.2674
101	90.7868	20.4483
102	93.4863	12.492
103	93.241	14.4325
104	89.0388	23.2581
105	87.7272	25.3378
106	87.7192	24.7212
107	88.434	24.1466
108	89.7844	20.4327
109	89.6389	21.6445
110	90.0445	20.6176
111	91.1103	18.9387
112	90.4165	20.4517
113	88.4884	24.5467
114	90.6494	20.3915
115	91.4269	18.7736
116	90.8733	18.7681
117	92.1582	16.9511
118	91.6842	17.5889
119	92.275	17.6078
120	90.8024	20.7636
121	89.5165	22.9783
122	88.5709	25.395
123	88.9576	24.782
124	88.0763	26.3773
125	89.3866	24.663
126	90.9842	19.2664
127	90.3246	19.8536
128	89.8876	20.0509
129	88.6289	21.4585
130	88.1928	20.6348
131	88.7858	19.5438
132	87.2139	22.9712
133	85.3962	25.6359
134	83.4753	28.4221
135	81.3429	31.167
136	82.7556	27.9041
137	82.6198	28.1303
138	82.804	27.8374
139	83.9332	26.5342
140	84.4335	26.8169
141	86.1443	24.6183
142	88.9426	18.7622
143	90.3002	16.4321
144	91.2405	17.0524
145	92.8367	13.6165
146	93.8777	10.1125
147	90.5375	19.2448
148	89.7033	19.4957
149	90.5409	18.515
150	90.1087	20.166
151	91.1266	18.5873
152	90.6202	18.7409
153	88.2207	23.6669
154	89.4691	20.6704
155	91.5084	16.9701
156	90.3511	19.7412
157	91.2888	16.2642
158	91.4273	16.1403
159	92.178	13.6248
160	91.8791	14.5104
161	91.6488	17.9911
162	91.9008	18.3368
163	92.689	17.5534
164	92.1913	19.9917
165	90.0896	24.2061
166	89.3793	25.7881
167	89.3796	23.8289
168	89.2831	24.2348
169	89.1681	24.1236
170	89.6543	22.8692
171	91.7661	17.0844
172	92.1234	16.8315
173	94.0726	11.4873
174	93.8934	14.2939
175	92.3895	19.386
176	91.4279	21.4412
177	89.4864	24.8127
178	89.0453	24.8764
179	89.0023	25.293
180	91.7345	18.4455
181	93.1054	16.4686
182	91.8913	18.1344
183	90.2609	21.9039
184	91.6595	17.9769
185	91.1403	19.8713
186	89.5139	23.2603
187	87.7491	25.425
188	88.4155	22.9033
189	85.6202	27.195
190	83.2689	29.6162
191	84.3285	27.0534
192	85.9693	22.4029
193	85.1897	24.2407
194	86.8981	21.6456
195	85.8721	24.0626
196	88.4687	19.2693
197	90.2674	15.5806
198	88.6486	19.9953
199	90.5106	17.3526
200	91.7844	14.3894
201	90.3514	18.6611
202	88.3036	23.9453
203	87.726	25.0786
204	89.5573	20.5332
205	90.0303	20.5953
206	90.4006	20.579
207	90.3914	20.7427
208	91.1743	17.7842
209	92.8709	13.7929
210	89.8038	21.038
211	88.8844	22.7775
212	88.878	23.0659
213	89.3364	22.9215
214	90.4617	22.6528
215	91.3917	20.8224
216	91.1838	20.6181
217	88.1819	26.096
218	89.1626	23.2432
219	90.0156	22.9831
220	87.6792	26.2821
221	86.1145	27.2205
222	86.4483	25.9152
223	89.5831	19.4013
224	89.4563	20.5788
225	90.269	19.2308
226	89.6385	21.0562
227	88.4427	22.5855
228	87.0353	25.7332
229	87.9317	23.6055
230	88.6177	21.7012
231	88.9718	21.7748
232	86.5212	26.4171
233	86.2595	26.1187
234	86.6999	24.6167
235	86.6627	24.6256
236	84.7159	27.4687
237	87.2455	22.5222
238	86.2021	23.6379
239	87.2303	20.8352
240	88.0147	20.5695
241	88.2653	20.2735
242	89.4542	17.3912
243	88.2872	21.1521
244	88.7852	19.6763
245	89.8349	17.7283
246	88.8322	20.0779
247	87.7402	21.7429
248	87.8762	21.7871
249	90.5077	16.7207
250	92.3892	12.6648
251	92.6647	14.3366
252	93.2742	13.4198
253	93.5332	13.0917
254	93.1101	13.3233
255	92.9736	15.8358
256	92.8886	16.7546
257	92.398	17.9142
258	93.8484	14.3757
259	94.6175	12.8786
260	94.8925	12.7017
261	89.8459	24.1026
262	90.6003	22.7303
263	91.745	21.0922
264	91.9189	21.0836
265	92.4608	19.3383
266	91.4218	21.2511
267	91.777	19.7053
268	91.7138	19.2184
269	91.8589	18.4256
270	90.7383	21.6633
271	92.331	16.2581
272	93.1207	14.6942
273	91.2579	19.4467
274	90.6387	20.0123
275	90.7611	20.0299
276	91.1165	19.2388
277	91.298	18.1231
278	90.8995	19.7555
279	91.2618	18.2483
280	88.1603	22.8436
281	89.3324	21.0466
282	89.2743	21.4904
283	87.0973	25.9396
284	86.0851	27.8328
285	86.3807	26.2803
286	87.0545	25.2687
287	82.814	30.3202
288	82.9923	29.3903
289	85.3697	25.9818
290	86.7175	24.5669
291	84.8131	27.9423
292	84.7634	27.6353
293	85.2161	27.7155
294	85.7723	25.9028
295	86.6575	25.5491
296	87.8071	21.5607
297	86.0208	25.2078
298	86.3182	24.2122
299	87.7167	21.7652
300	89.4703	19.316
301	90.0327	18.9107
302	89.7835	19.9373
303	89.9312	19.8479
304	90.224	18.3474
305	90.0945	19.3453
306	91.3155	16.9446
307	90.0994	19.6088
308	88.8508	23.175
309	92.4453	13.7379
310	91.7128	17.1373
311	92.6421	13.7254
312	92.5291	15.2818
313	92.9953	14.8184
314	92.9323	15.0996
315	91.9274	18.205
316	90.7109	20.6818
317	92.5363	15.987
318	93.0284	14.6583
319	94.3766	11.2152
320	92.4741	17.3784
321	90.4308	21.0988
322	90.8567	20.6307
323	92.3191	16.0874
324	92.5076	17.0556
325	93.0723	16.5332
326	93.8379	13.7812
327	93.4236	16.041
328	94.9434	12.3008
329	94.7702	12.1972
330	94.6616	12.3713
331	95.8357	7.43108
332	95.3541	11.6057
333	95.6197	11.3852
334	94.0181	17.436
335	90.7958	23.9775
336	90.2268	23.2725
337	89.9963	23.0276
338	90.0593	21.7743
339	90.1453	18.3225
340	88.9927	21.1144
341	86.6827	25.813
342	87.6517	23.2871
343	90.3403	19.0178
344	86.9426	24.3979
345	87.621	22.9847
346	85.8646	27.0216
347	88.7794	21.7667
348	89.9923	19.8745
349	91.0994	19.1846
350	89.3353	21.9691
351	88.3143	22.2223
352	87.1727	24.8864
353	87.9612	23.6569
354	88.9516	21.6043
355	89.5814	20.7729
356	89.6203	20.5921
357	89.9288	20.665
358	90.8022	17.858
359	90.8465	18.7691
360	90.2364	18.7415
361	89.6795	20.0092
362	88.8061	22.7061
363	87.0751	25.5679
364	88.3675	22.2851
365	87.5556	23.8146
366	87.6375	23.0252
367	86.745	23.8485
368	85.3408	25.2589
369	86.8662	24.0831
370	86.8079	24.6526
371	87.9881	24.2355
372	89.418	21.3635
373	87.373	25.121
374	89.1332	21.484
375	90.1178	18.162
376	91.5682	15.4992
377	90.9486	18.0471
378	89.1681	22.656
379	89.6631	22.1411
380	89.5989	22.0231
381	89.4355	21.9989
382	90.8385	18.2357
383	88.0573	24.7492
384	90.1219	21.6834
385	90.3063	21.3143
386	89.7537	22.357
387	89.875	22.8446
388	89.4694	24.2494
389	89.8174	22.3486
390	91.5181	18.9185
391	92.8717	16.0578
392	92.6735	17.0606
393	93.9984	13.6686
394	94.8041	10.5887
395	92.4671	17.3259
396	90.075	21.9352
397	89.7202	21.9233
398	90.497	20.1309
399	88.2251	24.107
400	89.2842	23.4103
401	88.7603	24.5361
402	85.961	28.8131
403	86.8429	26.3589
404	86.2882	26.486
405	85.2466	27.7326
406	87.1014	24.9278
407	86.4301	26.2005
408	86.0879	25.4601
409	87.101	24.0042
410	86.9116	24.7164
411	88.5537	22.893
412	87.2651	24.181
413	89.0607	22.6276
414	88.7234	22.0698
415	88.3069	21.8188
416	91.0546	15.2903
417	90.8073	17.4118
418	91.3117	16.1752
419	88.5626	22.0684
420	89.0972	21.8653
421	88.7996	21.335
422	91.1009	16.7233
423	90.4241	18.3309
424	91.8947	16.7769
425	90.8889	18.753
426	92.1685	14.6037
427	91.0448	19.0905
428	91.85	16.8632
429	89.5952	21.464
430	87.9702	23.8606
431	88.5148	22.3584
432	91.5207	15.3321
433	91.3133	17.3303
434	92.1774	15.036
435	90.9181	19.0503
436	86.6192	25.971
437	86.2651	25.0468
438	87.1146	23.8013
439	88.8711	20.2225
440	88.8764	18.8393
441	88.8637	20.7524
442	90.2693	18.5303
443	90.2183	18.5904
444	91.4542	15.7798
445	89.5777	19.0083
446	87.1205	24.042
447	87.1763	23.7262
448	88.3237	23.3573
449	89.3663	21.8227
450	89.8784	19.2117
451	90.1681	18.3071
452	91.5191	16.6973
453	92.3918	15.2676
454	92.5605	17.0915
455	92.8112	16.8395
456	91.3406	20.9375
457	90.5039	22.6944
458	92.3908	18.6087
459	93.2559	16.4803
460	93.8835	16.2234
461	93.1074	18.6239
462	93.3992	18.4994
463	94.0558	16.051
464	92.2771	20.6928
465	91.4189	22.797
466	91.8807	21.282
467	91.07	19.8161
468	87.8695	24.7904
469	87.3493	25.8604
470	87.5802	25.0986
471	89.7727	21.624
472	87.7353	23.431
473	89.1988	21.6638
474	89.032	22.9263
475	88.4088	24.4474
476	88.0614	22.3175
477	87.5869	23.4914
478	87.1611	23.9114
479	85.6622	25.5484
480	85.0055	26.9235
481	87.6735	23.5176
482	87.2509	23.6372
483	87.968	21.2311
484	89.3334	19.9981
485	88.9546	20.5323
486	89.5301	19.2595
487	91.41	16.2342
488	92.0532	15.0763
489	91.5074	17.7791
490	90.9931	19.755
491	90.6337	18.8263
492	89.9002	21.753
493	89.5727	22.998
494	90.1716	20.4452
495	92.3933	15.7928
496	92.9265	15.5132
497	90.778	21.1375
498	90.6907	21.3577
499	90.565	22.2066
500	88.2879	25.8248
501	89.538	23.5963
502	88.847	25.2187
503	89.9367	22.6031
504	88.1275	25.0298
505	89.246	22.2292
506	89.8678	20.2317
507	91.3507	18.7748
508	92.2453	16.3133
509	92.3728	17.0683
510	91.4005	19.3758
511	90.5183	21.1194
512	89.8343	22.8589
513	88.6431	23.6866
514	90.5288	18.8594
515	90.5094	20.16
516	91.1229	19.6749
517	87.0454	26.8016
518	87.1799	25.7395
519	89.0123	22.2859
520	88.5524	21.3859
521	87.6998	22.6307
522	88.2782	21.9594
523	90.1049	19.3578
524	88.9176	22.4995
525	88.8505	22.2027
526	88.1298	23.4698
527	89.4197	21.1368
528	89.7495	19.4738
529	89.5643	20.9595
530	90.3687	20.0231
531	89.274	21.9651
532	87.7549	25.1733
533	88.0739	24.3815
534	89.6512	22.6372
535	84.1809	29.8824
536	85.3334	27.7061
537	85.0106	28.0549
538	85.7494	26.1925
539	84.2393	28.3382
540	86.4835	24.3292
541	90.3942	13.9469
542	88.3649	20.1231
543	90.4727	17.4048
544	90.8225	17.1038
545	90.5887	16.7287
546	89.5788	19.473
547	90.0117	18.3112
548	91.3878	15.7458
549	91.2471	17.6702
550	92.9649	12.4313
551	92.6968	14.4709
552	92.2602	14.8637
553	91.6056	16.8021
554	92.7087	12.9246
555	89.4515	22.0325
556	91.7404	15.022
557	90.0907	19.9416
558	90.7134	19.4543
559	93.0827	12.4268
560	93.0999	14.4436
561	91.4572	19.459
562	92.5443	18.4513
563	91.8799	19.4464
564	94.0482	13.3856
565	94.0135	13.2306
566	94.332	12.9663
567	92.4156	18.371
568	91.817	19.1884
569	91.6972	19.3545
570	90.5948	20.4654
571	89.6308	21.8869
572	89.5247	22.2044
573	91.567	18.2389
574	92.8213	15.5198
575	91.7743	18.5335
576	90.4424	20.0393
577	92.7053	14.5966
578	91.8171	17.5432
579	87.6716	24.8776
580	87.3294	24.2906
581	86.9507	25.1789
582	87.1171	24.0486
583	86.2901	25.3
584	85.6661	25.0653
585	85.7564	25.1662
586	86.1762	25.3199
587	87.7597	22.154
588	88.0177	22.7759
589	88.9336	21.2666
590	90.2196	19.3074
591	88.3291	23.2281
592	90.2893	19.5845
593	90.8612	17.8241
594	89.274	20.8342
595	89.9444	18.8501
596	89.2217	20.2045
597	87.9969	23.6162
598	85.4439	27.3925
599	86.2293	25.3984
600	86.5089	25.7365
601	88.1986	22.0587
602	87.856	22.6483
603	87.9689	22.8053
604	89.0086	20.6421
605	89.5315	21.4624
606	90.6547	19.9454
607	89.5325	22.7206
608	90.651	20.9105
609	87.1648	26.9988
610	86.3699	27.2384
611	85.0386	28.9891
612	86.3591	26.2567
613	87.8211	23.548
614	88.0537	24.4466
615	86.1996	27.0517
616	88.1887	23.8154
617	87.1106	25.1753
618	87.9398	24.663
619	90.2335	21.0513
620	89.6872	21.6993
621	88.8199	23.3383
622	88.9262	23.1886
623	89.8764	21.6654
624	90.138	19.7823
625	88.6048	22.4697
626	87.5274	23.1172
627	86.7873	24.7793
628	88.508	21.4665
629	90.2542	17.3453
630	89.5329	20.3416
631	88.5492	21.9767
632	86.2431	24.1179
633	89.3115	17.8136
634	87.8798	21.6445
635	89.1563	21.3018
636	90.5941	19.3031
637	92.4411	14.4977
638	91.1257	18.8434
639	90.6868	19.4134
640	90.5154	19.7221
641	88.6016	23.1458
642	89.4585	21.5439
643	90.5658	18.8747
644	90.0541	19.5786
645	90.7214	17.239
646	92.0302	15.6103
647	90.0664	21.2676
648	88.3459	24.7164
649	87.4894	24.7253
650	87.0589	25.5154
651	89.048	21.1108
652	91.4251	16.1918
653	88.7046	22.4257
654	88.8978	21.102
655	88.2717	22.0335
656	90.2913	19.4516
657	90.0109	19.7201
658	90.3161	20.4956
659	90.8043	19.602
660	92.05	17.2602
661	89.1124	23.6898
662	87.6191	25.1669
663	89.9878	19.4418
664	91.2075	18.8325
665	92.2644	17.5077
666	92.6122	17.1215
667	91.5214	19.1968
668	92.1625	17.0059
669	90.7119	20.7755
670	92.4209	18.0254
671	91.5558	18.862
672	91.0948	19.9493
673	91.5239	19.7501
674	92.737	16.7984
675	91.4982	19.2005
676	91.4716	18.973
677	91.4578	19.8425
678	92.0444	18.8431
679	92.7805	16.4314
680	93.1454	16.0446
681	91.3197	19.996
682	90.8784	20.5981
683	90.0364	22.4581
684	89.423	23.859
685	90.735	21.4712
686	90.7652	21.5178
687	89.9548	22.8531
688	89.3465	24.4565
689	87.7129	26.3079
690	87.8925	25.781
691	87.0642	27.1133
692	88.2979	24.0701
693	88.3851	23.4813
694	89.2734	20.7401
695	90.119	18.4274
696	91.751	13.4759
697	92.7301	12.4684
698	91.4734	17.3489
699	88.5465	22.6671
700	86.6499	25.4146
701	85.2669	27.899
702	86.4628	26.6033
703	88.1568	23.5376
704	88.8525	22.2645
705	88.5891	23.8385
706	87.3564	26.347
707	88.7748	23.1357
708	90.0408	21.1447
709	90.4661	20.6763
710	89.4823	22.7095
711	88.8831	23.1844
712	89.4044	21.7524
713	89.0613	23.2618
714	89.2921	21.9928
715	89.3841	22.1252
716	88.8147	22.1123
717	88.2566	21.8271
718	88.0533	23.8437
719	89.6871	20.7392
720	90.3657	18.0353
721	89.8544	19.7646
722	90.8077	19.1723
723	89.4815	21.5322
724	89.9954	21.0339
725	90.0994	20.888
726	91.5245	17.3311
727	92.1978	16.1483
728	92.5424	15.9351
729	90.9882	20.0729
730	91.1263	20.0759
731	91.669	18.9144
732	91.968	19.0145
733	91.4795	19.5626
734	88.8838	23.8603
735	87.8389	24.8397
736	90.8614	17.8901
737	90.6583	17.7434
738	91.1772	17.1875
739	91.5718	16.6431
740	91.0489	18.2573
741	88.541	23.189
742	88.7277	23.2658
743	87.0095	25.4525
744	91.2703	15.9551
745	92.1806	14.9437
746	92.6623	14.2769
747	92.6736	16.4067
748	92.1126	17.2263
749	90.8423	19.628
750	89.7243	20.6438
751	90.3978	18.6198
752	90.3944	18.6448
753	88.3633	22.0763
754	85.7474	25.4565
755	86.0634	25.6963
756	87.7536	22.7965
757	89.1195	19.3757
758	87.3457	23.1039
759	88.0839	22.2614
760	90.074	18.4611
761	89.0625	20.4222
762	89.4686	20.4067
763	88.789	22.6381
764	88.2985	24.436
765	84.7918	28.3468
766	86.8405	26.0323
767	87.8887	23.3383
768	88.877	22.7914
769	91.0546	17.092
770	86.5175	25.8759
771	88.2924	22.7593
772	88.7122	21.635
773	88.4071	22.3604
774	89.0282	21.4668
775	90.5586	19.1344
776	90.3283	19.5507
777	88.7929	23.2402
778	88.425	23.5304
779	90.1664	18.4104
780	87.9588	22.6749
781	84.441	28.2421
782	85.7526	26.2848
783	87.3098	24.7317
784	88.9332	21.6305
785	90.3636	18.3409
786	90.4179	18.1802
787	89.609	20.2
788	92.2296	15.1638
789	92.1435	15.2301
790	90.9852	19.2997
791	90.923	20.7561
792	88.7693	25.8631
793	88.6844	24.2716
794	92.1094	16.2152
795	91.572	16.4703
796	92.9451	14.8646
797	91.4668	19.3377
798	91.6101	18.2257
799	90.0049	21.8108
800	90.5802	21.5438
