1	18.99	1.62785
2	20.05	1.88348
3	20.66	2.02593
4	21.31	2.82381
5	22.21	3.13463
6	22.7	3.88973
7	22.98	4.31968
8	23.49	4.82182
9	22.94	5.6636
10	22.64	5.84041
11	22.94	5.82206
12	23.01	6.28728
13	22.95	6.44574
14	23.28	6.20819
15	23.34	6.59882
16	22.61	6.94247
17	22.18	6.73703
18	21.79	6.73394
19	22.4	6.67683
20	22.27	6.16418
21	22.14	6.46223
22	22.34	6.39565
23	21.79	6.27263
24	22.41	6.61981
25	23.15	6.87659
26	23.41	7.23201
27	23.55	7.27788
28	23.37	7.25487
29	23.3	7.51066
30	22.33	7.16387
31	23.26	7.22028
32	23.35	7.33945
33	23.44	7.05453
34	23.79	7.25851
35	23.49	7.24223
36	24.18	7.53575
37	23.64	7.71689
38	22.86	7.22498
39	23.01	7.4706
40	22.88	7.73987
41	22.15	6.9374
42	22.76	6.98301
43	22.53	6.92453
44	23.32	7.04681
45	22.84	6.63132
46	22.76	6.3358
47	22.93	6.53644
48	23.08	6.99668
49	23.52	7.38983
50	23.33	7.14011
51	23.21	7.18372
52	22.43	7.16555
53	22.88	7.34341
54	22.69	7.38741
55	22.96	7.47117
56	23.4	7.67463
57	23.9	7.99187
58	23.96	8.01613
59	22.97	7.70903
60	23.42	7.91856
61	23.73	7.92825
62	23.07	7.93253
63	22.76	7.6787
64	23.29	7.9816
65	22.7	7.37089
66	22.65	7.64771
67	22.95	7.52512
68	23.51	7.87337
69	24.13	8.032
70	23.59	8.32357
71	23.86	8.36065
72	24.03	7.75172
73	23.79	7.17537
74	23.95	7.3299
75	23.85	7.37072
76	24.3	7.11548
77	24.46	7.38569
78	24.26	7.46273
79	24.5	7.18818
80	24.23	6.84522
81	24.54	6.65495
82	24.99	6.83154
83	24.48	6.9577
84	25.11	7.13428
85	25.06	7.2413
86	24.88	7.39903
87	24.3	7.429
88	23.84	7.53488
89	23.81	7.79961
90	23.98	7.99497
91	24.11	7.85353
92	24.78	7.84421
93	24.92	8.39009
94	25.14	8.40002
95	25.55	8.73198
96	25.53	9.01716
97	24.89	8.97763
98	24.19	8.22885
99	23.57	7.84889
100	24.09	7.89189
101	23.93	7.91739
102	24.17	7.93984
103	24.05	6.90417
104	24.05	6.84891
105	24.52	7.12107
106	25.82	7.40592
107	25.96	7.57617
108	26.06	7.40786
109	25.05	6.58844
110	25.37	6.68828
111	25.96	6.96839
112	26.21	7.39634
113	25.81	7.31942
114	25.73	7.61821
115	25.91	7.63033
116	25.95	8.18215
117	26.01	7.62036
118	25.3	7.53459
119	25.76	7.26377
120	25.71	7.30109
121	26.06	7.4375
122	26.17	7.83206
123	26.81	8.02956
124	26.79	8.10715
125	26.43	8.18566
126	26.32	8.33532
127	26.34	8.50085
128	27.15	8.42303
129	27.73	8.34608
130	27.86	8.63136
131	27.66	8.10583
132	27.81	8.3746
133	27.57	7.81058
134	27.91	8.62333
135	27.99	8.956
136	27.77	9.18243
137	27.95	9.00597
138	28.33	9.47423
139	27.67	9.28015
140	27.33	8.37742
141	28.2	8.56388
142	28.91	8.70873
143	28.74	8.81433
144	28.81	9.10571
145	28.54	9.38874
146	28.21	9.57945
147	28.05	9.59518
148	28.31	9.3837
149	28.28	8.96112
150	28.1	8.7264
151	28.05	9.59101
152	28.57	9.68634
153	28.76	10.3064
154	28.07	9.34693
155	28.89	9.2638
156	29.76	9.40863
157	29.83	9.24235
158	30.81	9.18444
159	29.7	9.16897
160	29.62	9.57578
161	29.53	9.444
162	28.82	9.2654
163	27.83	8.28741
164	27.27	7.75739
165	27.98	7.8243
166	28.32	7.796
167	29.17	8.4179
168	27.95	8.12573
169	26.94	7.39705
170	27.82	8.00047
171	28.58	8.166
172	28.81	8.28214
173	29.54	8.25399
174	28.68	7.61693
175	29.24	7.53276
176	28.92	7.2065
177	29.46	7.16159
178	28.98	7.26633
179	28.94	7.24406
180	29.38	7.54027
181	29.22	7.37235
182	29.36	7.54522
183	29.76	8.01763
184	29.09	7.92476
185	28.95	8.15399
186	29.05	8.37899
187	28.89	8.26788
188	29.14	7.89939
189	29.48	7.99059
190	29.01	7.96931
191	28.76	7.45134
192	28.66	7.56997
193	29.49	8.08393
194	29.68	9.32403
195	29.75	9.21778
196	29.28	8.49951
197	30.05	7.96037
198	29.44	7.43145
199	29.77	7.01406
200	29.92	7.29477
201	29.54	7.28892
202	29.74	7.84171
203	29.47	7.44776
204	29.53	7.64128
205	29.92	7.72357
206	29.84	8.0084
207	30.79	8.0651
208	30.64	8.03557
209	30.61	7.72256
210	30.47	8.28306
211	30.8	8.41546
212	31.32	8.64625
213	32.1	8.63539
214	32.27	8.35925
215	31.59	8.37149
216	32.02	8.18411
217	31.08	7.94692
218	31.3	8.15537
219	31.22	8.54468
220	31.16	9.28302
221	30.53	8.928
222	30.96	8.71197
223	31.16	8.5507
224	30.66	7.99527
225	30.51	7.28354
226	31.22	8.03316
227	31.1	7.62561
228	30.98	7.6485
229	30.71	7.63059
230	30.65	7.92512
231	30.8	8.69713
232	31.3	9.134
233	30.76	8.77852
234	31.01	9.00277
235	31.21	8.87163
236	31.54	8.82091
237	30.89	8.56726
238	31.5	8.2067
239	31.77	8.491
240	31.31	8.61127
241	32.23	9.18026
242	31.91	9.10285
243	32.58	9.37463
244	32.64	9.48316
245	32.46	9.76567
246	31.34	9.11397
247	31.09	8.88605
248	30.44	8.24539
249	30.11	7.79987
250	30.59	8.30433
251	30.68	8.13619
252	31.27	7.91436
253	31.4	7.96116
254	31.51	8.14923
255	32.14	8.47469
256	33.02	8.19632
257	32.7	8.00937
258	32.64	7.70003
259	32.6	8.02994
260	33.25	8.38257
261	32.67	8.53939
262	33.76	8.91865
263	33.62	8.97751
264	32.17	8.6684
265	32.38	8.60439
266	32.82	8.80043
267	31.77	8.38434
268	31.7	8.17007
269	31.31	8.13105
270	31.41	8.43338
271	31.72	8.38103
272	31.83	8.48063
273	31.07	7.95771
274	30.8	7.73175
275	31.01	8.0343
276	32.41	8.00012
277	32.33	8.11795
278	32.03	8.22248
279	32.52	8.25528
280	32.93	7.80033
281	32.88	8.06136
282	32.67	7.91588
283	32.64	9.5263
284	32.12	8.88963
285	32.22	9.1494
286	32.71	9.32233
287	32.81	9.41137
288	32.72	9.17396
289	33.39	9.27458
290	33.95	9.22104
291	34.2	8.80454
292	34.13	8.5436
293	34.22	8.26871
294	33.44	8.30701
295	33.88	8.87613
296	34	8.87694
297	33.83	8.78186
298	33.43	8.65593
299	34.14	8.55105
300	33.85	8.29503
301	34.06	8.41168
302	33.58	8.38949
303	32.26	8.69209
304	31.95	8.47157
305	33.08	8.63444
306	32.7	8.6954
307	33.03	8.14304
308	33.06	7.2881
309	33.51	7.20902
310	33.41	7.15275
311	33.34	7.68013
312	32.54	7.58079
313	33.24	7.48882
314	32.87	7.38601
315	33.59	7.50879
316	33.73	7.28403
317	33.97	7.30405
318	34	7.44312
319	34.39	7.83951
320	34.28	7.69556
321	34.54	7.95791
322	34.46	7.93778
323	34.33	7.99632
324	34.69	9.01742
325	34.45	9.07125
326	34.63	8.82344
327	35.34	9.88253
328	34.82	10.2268
329	35.4	10.0529
330	35.21	9.93106
331	35.64	10.1828
332	35.92	9.55581
333	35.48	9.63689
334	35.76	9.57823
335	36.58	9.66869
336	36.33	10.0887
337	36.49	9.9383
338	36.46	10.3464
339	36.89	10.1803
340	36.63	9.83428
341	37.05	9.616
342	37.04	9.90547
343	36.2	9.16515
344	36.33	9.0156
345	36.01	8.96716
346	35.18	9.69059
347	34.72	9.01785
348	35.46	8.85485
349	34.45	8.94581
350	35.03	8.71603
351	34.98	8.2219
352	35.68	8.79077
353	35.42	8.86135
354	35.32	9.08392
355	34.71	8.5385
356	35.1	8.3994
357	34.29	9.02363
358	34.84	9.00857
359	35.38	9.13321
360	35.16	8.94955
361	34.61	9.02762
362	34.06	8.83495
363	35.18	8.72282
364	35.59	8.60708
365	36.05	8.45148
366	36.41	8.70413
367	36.35	8.9167
368	35.79	9.02363
369	35.36	9.4218
370	35.55	9.07676
371	35.51	8.63191
372	35.72	8.54176
373	35.48	8.15902
374	35.66	8.54192
375	35.55	9.02039
376	35.45	8.64913
377	35.2	8.55336
378	34.35	8.46567
379	35.23	8.22053
380	35.88	8.72614
381	36.32	8.92735
382	36.95	8.27813
383	37.14	8.54988
384	36.36	9.22878
385	35.87	9.58192
386	36.05	9.19171
387	36.47	9.24711
388	36.34	9.17303
389	37	9.5247
390	37.22	9.61933
391	36.52	8.68157
392	35.91	8.64418
393	35.26	8.56927
394	34.28	8.0076
395	34.86	8.607
396	34.79	8.4348
397	34.33	8.07348
398	34.46	7.62813
399	35.04	8.36053
400	35.49	8.64349
401	35.88	8.78667
402	35.78	8.71617
403	35.55	8.39092
404	35.84	8.30508
405	35.18	7.70893
406	35.03	8.37312
407	35.61	8.54271
408	35.29	8.80374
409	35.42	8.66508
410	35.88	9.19922
411	35.16	8.8371
412	35.43	8.73184
413	35.59	9.42878
414	36.31	9.56211
415	35.84	8.78376
416	36.83	9.01227
417	36.03	8.416
418	35.39	8.54154
419	34.84	7.85203
420	35.3	8.24682
421	35.31	7.97583
422	35.43	7.5898
423	35.49	7.38444
424	35.49	7.81984
425	35.66	8.19661
426	35.79	8.46675
427	35.99	8.33366
428	35.73	8.59052
429	36.73	9.40091
430	36.95	9.31491
431	36.59	9.54787
432	37.19	9.51808
433	37.03	9.16347
434	36.98	9.49103
435	36.79	9.0535
436	36.59	8.98565
437	36.66	9.10958
438	36.97	9.29242
439	36.68	9.00431
440	36.45	9.4946
441	36.67	9.20441
442	36.88	8.75246
443	37.39	9.18792
444	37.6	10.03
445	36.92	9.48544
446	37.15	9.72561
447	37.35	9.58788
448	37.89	9.68183
449	37.42	9.28997
450	37.14	8.54754
451	36.53	8.49642
452	35.53	8.19201
453	35.25	7.87067
454	36.14	7.9335
455	36.69	8.11997
456	36.62	8.25322
457	36.45	8.30948
458	36.39	8.07328
459	36.18	8.44557
460	36.86	8.84197
461	36.72	8.73279
462	36.77	8.85986
463	37.13	8.9271
464	36.5	8.89438
465	36.87	9.35377
466	37.08	8.49668
467	36.41	8.11553
468	36.67	8.26324
469	37.33	8.29103
470	37.24	8.52774
471	37.2	8.70057
472	36.76	8.28266
473	36.58	8.38353
474	36.84	8.28941
475	37.19	8.54248
476	36.88	8.38961
477	36.35	8.2321
478	35.92	7.86725
479	36.06	7.74444
480	36.72	8.43336
481	35.74	7.86336
482	35.33	7.62896
483	36.53	8.22491
484	36.56	7.62931
485	36.7	7.66485
486	36.57	7.88956
487	37.18	7.80689
488	37.57	8.50794
489	38.01	8.39106
490	37.81	7.77006
491	38.77	7.8789
492	37.58	8.22457
493	37.47	8.10858
494	37.71	8.7399
495	37.81	8.13965
496	38.79	8.54435
497	38.15	8.67799
498	38.38	8.69342
499	39.15	8.64104
500	38.47	8.56441
501	38.59	8.34278
502	38.71	8.32502
503	38.62	7.78432
504	38.44	8.36459
505	38.73	8.71304
506	38.52	8.83796
507	38.22	8.89559
508	38.88	9.47447
509	39.57	8.92777
510	39.03	9.00384
511	39.48	9.39732
512	39.15	9.48407
513	39.05	8.69296
514	39.31	8.59965
515	38.24	8.4972
516	39.1	8.24803
517	39.14	8.32589
518	39.05	8.48101
519	39.61	8.19865
520	39.24	8.05496
521	38.85	8.23453
522	39.03	8.08635
523	39.12	8.21253
524	38.66	8.31411
525	38.53	8.83454
526	38.48	9.00387
527	39.02	9.90957
528	37.87	9.46431
529	37.33	9.51741
530	37.3	8.54108
531	37.21	7.85786
532	37.91	8.1426
533	37.13	7.94563
534	37.34	8.55479
535	37.71	8.85697
536	38.29	8.74905
537	38.4	8.14739
538	38.55	8.10972
539	38.89	8.58824
540	38.53	8.49053
541	38.76	8.75913
542	39.12	8.94458
543	39.96	9.07736
544	39.62	8.47795
545	39.82	9.21996
546	39.96	9.23246
547	39.69	9.88807
548	39.32	9.87004
549	40.09	9.67791
550	39.35	9.6347
551	39.38	9.18671
552	39.02	9.2833
553	39.4	9.48156
554	39.29	9.7512
555	39.06	9.11353
556	39.51	9.41435
557	39.3	9.6026
558	39.51	9.65349
559	39.56	9.60658
560	39.28	9.03889
561	39.56	9.54182
562	39.37	9.06383
563	39.41	9.37987
564	39.74	8.54356
565	39.66	8.83541
566	40.39	8.59755
567	40.32	8.59404
568	40.21	8.70551
569	39.12	8.30696
570	39.22	8.70124
571	39.23	8.77936
572	39.64	8.57032
573	39.07	8.40149
574	38.69	8.20816
575	38.38	8.26533
576	38.95	7.87702
577	38.84	7.82396
578	39.21	8.00786
579	39.82	8.52218
580	39.34	8.90755
581	40.1	9.13619
582	40.28	9.40221
583	40.51	9.27092
584	40.45	9.20367
585	40.31	9.45589
586	39.64	9.24069
587	39.7	9.44722
588	39.44	9.1524
589	40.18	9.09437
590	39.43	8.91208
591	39.64	8.85722
592	39.53	8.84133
593	39.43	8.7307
594	40.04	9.01323
595	39.83	8.32833
596	39.58	7.97393
597	39.98	7.8115
598	39.41	7.43114
599	39.21	7.4341
600	38.96	7.4053
601	39.5	7.46525
602	39.14	7.23052
603	40	6.73498
604	40.85	6.60663
605	40.83	6.98578
606	40.8	7.91202
607	40.78	7.87982
608	40.49	8.1037
609	40.47	8.58657
610	40.99	8.65736
611	41.37	8.64367
612	41.48	8.77779
613	41.49	8.64233
614	41.15	9.47668
615	40.76	9.73871
616	41.2	10.031
617	42.12	9.86943
618	42.06	10.0765
619	42.51	10.0384
620	41.09	10.0679
621	41.03	10.5009
622	40.79	10.3945
623	40.53	10.0513
624	40.54	10.0403
625	40.04	9.32944
626	38.99	9.15805
627	38.61	9.29827
628	39.22	9.2613
629	38.68	8.87567
630	38.54	8.79479
631	39.14	9.05982
632	39.74	8.64942
633	40.05	9.26323
634	40.49	8.89887
635	40.76	8.91865
636	40.96	9.92564
637	39.54	9.60148
638	39.18	8.86609
639	39.03	7.74397
640	40.02	8.19998
641	40.18	7.36937
642	40.19	7.45479
643	39.33	7.54593
644	38.97	7.87078
645	39.56	8.13427
646	39.67	8.10932
647	39.78	8.20193
648	39.64	7.75051
649	40.48	8.10615
650	40.8	8.75671
651	40.71	8.60034
652	41.16	8.81444
653	40.73	8.4141
654	40.28	7.98759
655	39.57	7.42867
656	39.43	7.28458
657	39.7	7.32871
658	40.03	8.06034
659	40.42	8.48078
660	40.79	8.92894
661	40.95	8.39926
662	40.96	8.4391
663	41.2	8.34985
664	40.78	8.65977
665	41.03	8.74923
666	41.59	8.67997
667	41.23	8.63696
668	40.88	8.98029
669	40.34	8.37403
670	41.82	8.32151
671	40.88	8.26956
672	40.5	8.3863
673	39.94	8.06079
674	40.47	8.38267
675	40.15	8.38257
676	41.22	8.31454
677	40.86	7.11199
678	42.12	7.63843
679	42.01	7.59144
680	41.92	7.78547
681	41.64	7.72078
682	41.55	8.22603
683	41.93	8.58517
684	41.89	8.7257
685	42.38	8.70377
686	41.73	8.77138
687	41.14	8.74531
688	41.09	8.87817
689	40.32	8.50985
690	41.07	8.64437
691	40.59	8.5908
692	40.8	8.64986
693	40.89	8.40701
694	41.11	8.71309
695	41.63	8.78824
696	42.13	9.0196
697	42.22	9.66393
698	42.69	9.80785
699	42.71	9.74812
700	42.33	9.88641
701	41.84	10.4305
702	41.22	9.82403
703	40.92	9.92439
704	41.16	9.61324
705	40.52	9.85645
706	40.77	9.4476
707	40.83	9.1783
708	40.82	9.25892
709	40.39	8.74173
710	40.65	9.0215
711	40.31	8.57519
712	40.51	8.92692
713	40.48	9.49155
714	40.41	9.65826
715	39.98	8.78747
716	40.09	8.84884
717	41	8.99667
718	40.96	8.53571
719	40.5	8.7023
720	41.27	8.78733
721	41.32	9.13113
722	41.57	9.12607
723	41.14	8.77043
724	41.19	8.95622
725	40.99	8.34805
726	40.65	8.52218
727	40.58	8.55708
728	40.57	8.41458
729	41.17	8.46765
730	41.24	8.6419
731	41.72	8.68801
732	42.28	8.64069
733	41.59	7.98761
734	41.71	7.469
735	41.61	7.40931
736	41.82	7.37751
737	41.85	7.48248
738	41.69	7.94065
739	41.43	7.77722
740	41.62	7.75085
741	40.65	8.059
742	40.88	7.47567
743	40.42	7.4124
744	41.27	8.13001
745	41.38	8.46496
746	41.45	8.32271
747	42.26	9.27752
748	43.02	8.76468
749	43.12	8.90425
750	43.67	9.40112
751	44.02	9.32843
752	43.28	9.83675
753	43.13	10.1081
754	41.77	9.28424
755	42.14	9.45095
756	42.9	9.24284
757	42.67	9.03112
758	42.49	8.68734
759	43.09	8.78191
760	43.56	8.41228
761	43.2	8.19756
762	43.11	8.27514
763	42.68	8.38794
764	41.98	8.72465
765	41.97	9.00384
766	41.22	8.88772
767	41.82	9.25676
768	41.25	9.70709
769	41.69	9.54326
770	41.82	9.74924
771	42.22	9.56094
772	41.69	9.34526
773	41.71	9.04798
774	41.63	9.12322
775	42.14	9.18915
776	41.81	8.81101
777	42.53	8.42194
778	42.41	8.67421
779	42.07	8.62468
780	42.15	8.08254
781	42.48	8.11108
782	43.25	8.42303
783	43.45	8.68145
784	43.3	8.63655
785	42.49	8.25893
786	41.98	7.52991
787	42.63	8.39244
788	42.95	8.46448
789	42	8.01124
790	41.92	7.68984
791	42.36	8.32048
792	42.79	7.98661
793	41.91	7.83211
794	42.57	7.72561
795	42.96	8.83167
796	42.76	8.69496
797	42.92	8.581
798	42.63	8.98516
799	43.1	9.23742
800	43.34	9.03684
801	42.19	9.23114
802	42.39	9.15849
803	42.21	9.27286
804	42.08	9.29804
805	41.86	9.01778
806	41.57	8.45134
807	41.29	7.81447
808	40.76	7.50216
809	41.48	7.85173
810	41.04	8.12394
811	41.88	8.86936
812	42.04	8.84072
813	42.39	8.4828
814	42.37	7.66767
815	42.42	7.84752
816	42.2	8.07094
817	42.48	8.2383
818	42.54	8.24793
819	41.84	7.58119
820	41.99	7.65179
821	42.2	8.60581
822	42.5	8.61568
823	42.86	8.22559
824	42.95	8.90098
825	43.58	8.84893
826	42.9	8.03555
827	42.41	8.67306
828	42.14	9.19023
829	42.23	8.74741
830	41.56	9.14693
831	41.45	8.81405
832	42.27	8.99984
833	42.18	9.30202
834	42.84	9.0617
835	43.85	8.96145
836	43.95	8.85254
837	43.55	8.71249
838	42.81	8.20572
839	43.71	8.32622
840	44.13	8.50371
841	43.37	8.33025
842	43.97	8.54454
843	42.48	8.57377
844	42.56	8.63981
845	42.19	8.50964
846	41.89	8.26304
847	42.15	8.29382
848	42.13	8.23244
849	42.35	7.70892
850	42.07	7.85399
851	42.09	7.82316
852	41.9	7.50267
853	42.4	7.85875
854	42.65	8.18337
855	43.26	8.33261
856	43.26	8.22511
857	43.56	8.66639
858	43.57	8.90646
859	43.76	8.68115
860	43.5	8.77325
861	43.68	8.58822
862	43.59	7.96128
863	42.89	7.91441
864	43.43	7.98906
865	43.07	8.03151
866	43.31	8.0594
867	43.35	8.0167
868	43.87	8.1947
869	44.23	8.37001
870	44.14	7.87784
871	44.67	8.1634
872	44.26	8.15797
873	44.84	8.40086
874	44.68	8.53215
875	45.56	8.43009
876	45.81	8.1507
877	45.66	8.11692
878	45.37	8.30019
879	45.24	8.49485
880	44.96	8.1938
881	45.5	8.52819
882	44.35	8.74686
883	44.06	9.08936
884	44.87	9.19419
885	43.95	8.79815
886	43.94	9.27558
887	44.06	9.13326
888	44.16	9.86683
889	44.27	9.68283
890	44.17	10.042
891	44.33	10.1902
892	43.33	10.0926
893	42.87	9.99165
894	43.17	9.94189
895	43.03	9.83916
896	42.88	9.29976
897	43.03	9.11532
898	42.73	8.80324
899	43.05	8.91558
900	43.36	8.83235
901	43.27	8.99206
902	43.01	8.66313
903	44.51	8.38987
904	44.79	8.51152
905	45.23	8.29802
906	44.3	8.10123
907	44.51	8.29517
908	43.85	8.19314
909	43.65	8.45148
910	43.88	8.46792
911	43.21	8.24536
912	43.05	7.61758
913	42.54	7.32997
914	43.19	7.54943
915	43.09	7.34588
916	42.66	7.7165
917	42.61	7.94468
918	43.54	7.99427
919	43.12	7.35157
920	42.97	7.56367
921	43.18	7.99047
922	43.91	7.9663
923	44.06	8.05211
924	43.54	7.96545
925	43.46	8.11593
926	43.85	8.74914
927	44.11	8.77826
928	43.49	8.30602
929	43.33	8.09575
930	42.83	7.7512
931	42.57	7.78493
932	42.72	8.09207
933	42.23	7.97478
934	42.92	8.17763
935	43.46	8.05285
936	43.32	7.92576
937	43.23	8.52743
938	44.64	8.43507
939	44.83	7.818
940	45.21	8.02782
941	45.03	7.95921
942	45.04	8.18159
943	45.21	8.20889
944	44.66	8.17951
945	43.86	8.51707
946	44.58	8.66969
947	44.87	8.61122
948	45.34	9.24902
949	45.84	9.24956
950	46.39	9.25516
951	45.33	9.32315
952	44.34	8.6732
953	44.22	8.60532
954	43.75	8.23453
955	44.38	8.72786
956	44.67	8.87136
957	44.74	9.16255
958	44.69	9.45695
959	44.72	9.29847
960	43.9	9.40053
961	44.35	9.0359
962	44.21	8.59918
963	44.14	9.21088
964	44.33	9.58964
965	44.7	9.6421
966	43.38	9.52132
967	44.13	9.05169
968	44.35	9.11633
969	44.47	8.7937
970	44.08	9.17135
971	43.76	9.10288
972	43.5	8.70115
973	43.19	8.56702
974	43.23	8.72337
975	42.77	7.7857
976	43.77	7.59191
977	44.27	7.74707
978	44.29	7.24472
979	44.12	7.42601
980	44.55	6.71621
981	44.77	6.79537
982	44.36	7.27808
983	44.44	7.12365
984	44.69	7.60355
985	44.86	7.49002
986	44.03	7.51592
987	44.43	7.80673
988	45.21	8.02907
989	45.32	8.06459
990	44.98	7.54716
991	45.34	7.94886
992	45.12	7.79523
993	45.12	7.69062
994	45.2	8.37496
995	44.97	8.36834
996	45.06	7.99727
997	45.16	7.94446
998	44.42	7.57388
999	44.22	7.26303
1000	44.4	7.61577
1001	44.96	7.98614
1002	44.43	8.53142
1003	44.81	8.57286
1004	45.45	9.39082
1005	44.98	9.18257
1006	45.08	8.64255
1007	45.22	8.63664
1008	44.84	8.33153
1009	45.35	9.20475
1010	44.87	9.26677
1011	45.25	9.23837
1012	44.8	8.72812
1013	45.41	8.58731
1014	45.21	8.58754
1015	44.99	8.63075
1016	45.62	9.05404
1017	44.88	9.02029
1018	44.66	9.04015
1019	44.63	9.06163
1020	44.89	8.75545
1021	45.43	8.29368
1022	46.02	8.63826
1023	46.1	8.79375
1024	46.11	8.83504
1025	45.62	9.26799
1026	45.5	9.07359
1027	44.73	9.19984
1028	44.23	8.79984
1029	44.74	8.85169
1030	45.6	8.90169
1031	45.82	9.37591
1032	45.77	9.7876
1033	45.18	9.95528
1034	45.12	9.93608
1035	45.59	10.048
1036	45.48	9.50419
1037	44.63	9.17677
1038	44.69	8.54248
1039	44.32	8.54035
1040	44.33	8.77389
1041	45.05	8.82312
1042	45.42	8.65815
1043	45.69	8.04947
1044	45.3	8.39107
1045	45.83	8.08215
1046	45.74	8.26271
1047	46.28	8.53356
1048	45.84	8.87437
1049	45.89	8.72456
1050	45.12	9.01363
1051	45.23	8.61842
1052	45.4	8.36421
1053	45.61	8.05344
1054	45.21	7.99912
1055	44.67	7.3499
1056	44.33	7.05841
1057	44.64	7.13375
1058	45.07	7.64625
1059	44.55	7.6464
1060	45.11	8.06213
1061	45.26	8.09274
1062	45.03	8.65616
1063	44.25	7.50783
1064	44.57	7.41519
1065	45.02	7.5551
1066	45.52	7.2986
1067	45.68	7.70958
1068	46	7.93221
1069	45.29	7.49839
1070	44.9	7.92149
1071	44.55	8.0912
1072	45.43	7.75146
1073	45.12	8.31298
1074	45.24	8.2609
1075	45.03	8.00432
1076	44.87	8.40316
1077	45.31	8.7769
1078	46.06	8.91832
1079	47.06	9.33362
1080	47.41	9.17725
1081	46.52	8.8085
1082	46.55	8.70905
1083	45.89	8.81804
1084	46.02	8.09442
1085	46.31	8.57869
1086	46.84	8.43531
1087	46.28	8.32356
1088	46.59	8.03131
1089	46.13	7.58901
1090	45.56	7.55158
1091	45.82	7.79921
1092	45.27	8.46269
1093	45.65	7.97919
1094	45.98	8.33424
1095	46.16	8.20332
1096	45.69	7.82265
1097	45.89	7.97859
1098	45.86	8.11667
1099	45.83	8.60239
1100	45.67	8.41196
1101	45.07	7.7282
1102	44.87	7.64285
1103	45.23	8.03101
1104	45.19	8.13842
1105	45.45	7.44362
1106	45.56	7.11663
1107	45.31	7.63242
1108	45.59	8.17447
1109	45.5	7.99437
1110	45.68	8.01858
1111	45.3	8.40773
1112	45.4	8.69368
1113	44.93	8.09229
1114	45.13	7.82516
1115	44.43	7.97403
1116	44.95	7.68294
1117	45.33	7.28293
1118	45.1	7.44379
1119	45.11	7.7819
1120	45.31	7.89898
1121	45.89	8.74631
1122	45.93	8.6003
1123	46.16	9.25605
1124	45.87	9.21266
1125	45.68	8.96647
1126	45.08	8.51549
1127	45.44	8.86941
1128	46.49	8.8865
1129	46.39	8.93968
1130	45.81	8.59732
1131	46.11	8.45446
1132	45.85	8.25273
1133	46.02	8.28852
1134	45.63	8.03823
1135	45.54	8.0603
1136	45.34	7.95389
1137	46.26	8.06799
1138	46.51	8.42555
1139	46.2	8.5872
1140	45.67	8.26566
1141	44.97	8.23098
1142	45.63	8.30982
1143	46.1	8.33727
1144	46.12	8.52441
1145	46.12	8.96469
1146	45.6	8.4119
1147	45.6	8.36899
1148	45.43	8.33457
1149	45.74	8.58326
1150	45.71	8.81056
1151	45.58	8.80588
1152	46.14	9.30271
1153	46.31	9.33027
1154	46.19	8.8811
1155	46.01	8.21766
1156	45.59	7.92224
1157	45.74	7.66632
1158	46.45	7.58205
1159	46.91	7.60802
1160	46.84	7.99965
1161	47.51	8.31564
1162	46.88	8.0688
1163	46.86	7.89559
1164	46.6	8.07589
1165	45.26	8.12603
1166	45.47	8.54571
1167	45.96	8.73146
1168	45.76	8.66616
1169	46.1	8.58545
1170	46.88	8.3262
1171	47.25	8.57132
1172	47.32	8.47807
1173	46.81	8.58917
1174	47.03	8.88758
1175	47.27	8.7805
1176	47.06	8.77134
1177	47.3	8.49882
1178	45.84	8.36507
1179	46.61	8.91728
1180	46.87	9.28187
1181	46.49	9.39521
1182	46.27	8.93404
1183	45.93	8.52438
1184	46.3	8.52115
1185	46.11	8.6659
1186	45.87	8.63789
1187	46.71	8.50681
1188	46.52	8.64463
1189	46.2	8.55687
1190	46.16	8.59037
1191	45.98	8.44746
1192	45.9	8.18474
1193	45.72	8.07351
1194	46.62	7.82148
1195	46.56	7.82473
1196	46.38	7.29079
1197	45.99	7.36953
1198	46.09	7.57112
1199	45.95	7.60312
1200	45.87	7.75068
1201	45.55	7.94906
1202	44.85	7.51182
1203	45.09	7.74609
1204	46.13	7.69371
1205	46.52	8.3588
1206	47.51	8.80511
1207	47.18	8.74801
1208	47.7	8.89663
1209	47.37	9.42195
1210	46.87	9.44103
1211	48.02	9.12138
1212	47.61	8.63122
1213	48.09	8.80465
1214	47.73	8.8214
1215	47.98	8.77722
1216	47.94	8.48035
1217	46.72	8.03876
1218	46.75	7.72706
1219	45.72	7.37032
1220	45.8	7.30753
1221	45.07	6.9545
1222	46.56	8.20527
1223	46.72	7.97381
1224	46.83	7.4874
1225	47.17	7.77567
1226	46.96	7.89167
1227	46.16	7.17038
1228	45.48	7.31366
1229	45.36	7.16173
1230	46.17	7.12889
1231	46.68	6.9237
1232	46.53	6.63394
1233	46.76	7.29811
1234	46.72	7.91464
1235	46.5	7.19792
1236	46.57	7.62923
1237	46.99	8.29517
1238	46.66	8.4276
1239	46.63	8.41862
1240	46.92	8.28816
1241	46.95	8.08996
1242	46.99	8.12711
1243	46.84	8.06067
1244	47.3	8.37078
1245	47.46	8.5363
1246	47.49	8.07898
1247	47.16	8.35789
1248	47.51	8.14554
1249	47.49	8.44807
1250	47.06	8.78273
1251	47.09	8.25965
1252	47.18	8.63062
1253	46.26	8.77909
1254	46.82	8.66416
1255	47.3	8.92468
1256	47.92	9.00409
1257	48.2	8.71436
1258	48.91	8.70068
1259	48.42	8.96457
1260	47.46	9.11967
1261	47.42	9.09195
1262	48.29	8.54318
1263	48.52	8.58426
1264	48.01	8.60755
1265	47.97	8.82775
1266	47.56	9.22856
1267	47.14	8.67297
1268	47.35	8.75942
1269	47.51	8.91908
1270	46.94	9.05077
1271	47.94	8.79525
1272	47.92	8.74263
1273	46.48	8.33604
1274	46.97	8.53048
1275	46.62	7.86356
1276	46.89	7.79987
1277	46.25	8.0441
1278	46.5	7.504
1279	46.05	7.14755
1280	45.84	7.08198
1281	46.05	7.34217
1282	45.89	7.94468
1283	46.18	8.26242
1284	46.57	8.31054
1285	46.59	8.09456
1286	47.21	8.31059
1287	47.07	7.86671
1288	46.62	7.99972
1289	46.51	8.05791
1290	47.08	8.19107
1291	47.15	8.05404
1292	46.36	7.36005
1293	46.11	6.38576
1294	46.41	6.39233
1295	47.06	6.72729
1296	46.59	6.93988
1297	46.75	7.34626
1298	46.58	7.29682
1299	45.83	7.09374
1300	45.83	7.79494
1301	46.13	7.78673
1302	46.26	7.70405
1303	46.66	8.14766
1304	46.98	8.18899
1305	46.6	7.91581
1306	46.73	8.44495
1307	46.89	8.38081
1308	47.01	8.43741
1309	46.73	7.85475
1310	46.89	7.62744
1311	47.29	7.80679
1312	48.77	9.05302
1313	48.99	8.80965
1314	49.68	8.56257
1315	49.27	8.28958
1316	48.92	8.44355
1317	48.95	8.77995
1318	49.21	8.7992
1319	48.48	9.19182
1320	49.01	8.97942
1321	48.65	8.53507
1322	48.98	8.31623
1323	48.76	8.1549
1324	49.27	8.35566
1325	48.86	8.57907
1326	48.77	8.74626
1327	48.91	9.40542
1328	48.69	8.93162
1329	48.41	9.09296
1330	48.58	9.47225
1331	47.56	9.17095
1332	47	8.81703
1333	47.82	8.80043
1334	47.54	8.46454
1335	46.53	8.51053
1336	47.03	8.29271
1337	47.59	8.54763
1338	47.89	8.74745
1339	48.44	8.35502
1340	48.46	8.35275
1341	47.87	8.70477
1342	48.28	9.21529
1343	48.22	9.16797
1344	48.13	8.37336
1345	48.12	8.2332
1346	48.18	8.12574
1347	47.83	8.39173
1348	47.21	8.36456
1349	47.15	8.61902
1350	47.42	8.50668
1351	47.29	8.64094
1352	47.07	9.05125
1353	47.65	9.01152
1354	48.17	9.18592
1355	47.66	9.32547
1356	47.66	9.05231
1357	47.84	9.02742
1358	46.67	8.2305
1359	47.37	8.9215
1360	47.41	8.62449
1361	47.98	8.6023
1362	48.09	8.7202
1363	47.66	8.4074
1364	47.26	7.64934
1365	47.27	7.90804
1366	47.1	7.99187
1367	47.62	8.37351
1368	47.68	8.72454
1369	47.57	8.48322
1370	47.38	8.3388
1371	46.58	8.06124
1372	46.98	7.96615
1373	46.92	7.92676
1374	46.71	7.93889
1375	47.01	7.58485
1376	47.81	7.58775
1377	47.12	7.74245
1378	48.19	7.68856
1379	48.38	7.51236
1380	47.9	7.51864
1381	48.2	7.43909
1382	48.37	8.00707
1383	49.41	9.03448
1384	49.52	9.00053
1385	49.31	8.75865
1386	49.25	8.81745
1387	49	9.53415
1388	48.62	9.67552
1389	48.75	9.24919
1390	48.67	9.68716
1391	48.18	8.99487
1392	48.21	9.15019
1393	47.14	8.9577
1394	46.64	8.21404
1395	46.47	8.30838
1396	46.83	8.30187
1397	46.75	8.64682
1398	47.09	8.67421
1399	46.66	8.63854
1400	46.92	8.11995
1401	47.26	8.2736
1402	47.27	7.70825
1403	46.92	7.88629
1404	48.01	8.5094
1405	48.51	8.87637
1406	48.45	8.74228
1407	48.34	8.76723
1408	47.42	7.90719
1409	47.23	8.32209
1410	47.56	8.10101
1411	48.07	8.41458
1412	49.09	9.19467
1413	48.93	8.87046
1414	48.7	8.68965
1415	48.33	8.80233
1416	48.33	8.86121
1417	48.95	8.88862
1418	48.17	8.81482
1419	48.14	9.09398
1420	48.71	8.97696
1421	48.98	8.7681
1422	48.9	8.71837
1423	48.79	8.70436
1424	48.66	8.98134
1425	47.11	8.68665
1426	47.2	8.74414
1427	47.57	8.45015
1428	47.51	8.32406
1429	47.19	7.1452
1430	46.86	6.98573
1431	47.23	6.8671
1432	47.18	6.7489
1433	47.47	6.82122
1434	48.17	7.26781
1435	48.64	8.93814
1436	48.92	9.28297
1437	50.08	8.75635
1438	49.96	8.82261
1439	49.65	8.16624
1440	49.68	7.9371
1441	49.75	8.20411
1442	49.2	8.03741
1443	49.34	7.4138
1444	49.3	7.81089
1445	49.15	7.82608
1446	48.94	7.8292
1447	48.43	8.02652
1448	49.25	8.22238
1449	49.6	8.41071
1450	50.62	8.3376
1451	50.66	8.19539
1452	50.05	7.93395
1453	49.13	7.45205
1454	50.77	8.0335
1455	50.62	8.01596
1456	50.19	7.58247
1457	50.2	8.1719
1458	50.93	8.41339
1459	50.38	8.13975
1460	49.38	8.55427
1461	49.1	8.5703
1462	49.74	8.91585
1463	50.18	8.70331
1464	50	8.47467
1465	49.34	8.35251
1466	50.04	8.6567
1467	49.79	8.73761
1468	50.29	8.88177
1469	49.96	9.01102
1470	50.09	8.92983
1471	49.38	8.7416
1472	49.12	8.20156
1473	48.96	7.97235
1474	48.96	8.27154
1475	48.41	7.95751
1476	48.44	7.8833
1477	48.47	8.1246
1478	48.41	8.12662
1479	48.48	8.17861
1480	48.55	8.58531
1481	47.84	8.889
1482	48.59	8.85787
1483	49.63	8.69903
1484	49.52	9.00053
1485	48.89	8.71194
1486	49.46	8.02922
1487	49.48	8.19082
1488	48.91	8.30794
1489	48.73	8.10784
1490	48.12	7.96402
1491	48.21	8.27199
1492	47.88	8.08861
1493	48.54	8.75833
1494	48.7	8.4113
1495	48.55	8.80611
1496	48.2	8.32466
1497	49.07	8.74443
1498	48.86	8.24987
1499	48.49	8.15904
1500	48.37	7.86467
1501	48.39	7.92325
1502	49.35	8.56081
1503	48.78	8.13951
1504	48.74	8.17266
1505	48.2	7.8943
1506	48.13	7.88626
1507	48.31	8.25069
1508	48.2	8.11419
1509	48.63	8.45063
1510	48.47	8.11228
1511	48.86	8.6128
1512	48.34	8.06129
1513	49.07	8.07744
1514	48.89	7.83568
1515	49.28	7.93105
1516	48.45	7.85541
1517	49.31	8.25917
1518	49.25	8.35269
1519	49.57	9.03687
1520	48.81	8.09777
1521	48.68	8.21204
1522	49.2	8.57555
1523	48.71	8.64904
1524	49.01	8.54458
1525	49.5	8.45872
1526	48.95	8.08254
1527	48.34	8.16605
1528	48.31	7.90531
1529	48.61	7.82419
1530	49.02	7.88794
1531	48.73	7.71862
1532	49.08	8.16906
1533	49.12	8.25746
1534	49.21	7.83236
1535	49.28	7.78213
1536	49.31	7.72748
1537	48.92	7.90782
1538	48.91	7.46069
1539	49.86	7.54986
1540	50.21	8.07626
1541	50.74	8.33261
1542	50.34	8.24527
1543	50.06	8.23386
1544	50.43	7.81186
1545	50.27	7.84966
1546	50.52	8.85379
1547	50.37	8.70363
1548	50.2	9.18041
1549	50.38	8.31358
1550	50.63	8.61122
1551	51.09	8.9522
1552	50.81	8.89797
1553	49.64	8.50943
1554	49	8.30542
1555	49.16	8.31591
1556	49.64	8.25533
1557	49.54	8.1614
1558	49.52	8.51408
1559	49.63	8.50136
1560	49.51	8.53287
1561	48.54	8.4787
1562	49.32	8.49221
1563	49.12	8.2913
1564	49.13	8.50959
1565	49.05	8.6872
1566	49.82	8.55731
1567	50.17	8.34393
1568	50.22	8.43277
1569	49.98	8.77836
1570	50.76	9.47641
1571	50.09	9.60531
1572	49.59	9.49009
1573	49.36	9.0681
1574	49.03	8.62955
1575	48.9	8.40298
1576	49.45	8.33951
1577	49.85	7.88591
1578	48.69	7.79063
1579	48.53	8.07893
1580	49	7.60658
1581	48.88	7.6489
1582	49.11	7.29095
1583	49.88	7.32841
1584	49.34	7.42593
1585	49.07	7.49701
1586	49.4	7.33076
1587	49.58	7.87424
1588	49.36	7.85178
1589	48.93	7.59244
1590	49.37	7.63892
1591	49.21	7.77855
1592	48.46	7.94911
1593	48.61	7.96605
1594	48.96	7.04545
1595	48.78	7.48142
1596	48.74	7.35203
1597	48.6	7.79872
1598	49.58	8.33568
1599	48.77	8.10414
1600	48.82	9.12292
1601	48.54	8.67689
1602	48.74	8.89227
1603	49.4	9.09395
1604	48.73	8.31487
1605	48.62	8.58811
1606	48.76	8.74085
1607	48.54	8.37905
1608	49.46	8.15527
1609	49.56	8.06017
1610	49.16	8.19234
1611	49.82	8.06273
1612	50.36	8.07777
1613	50.85	7.77609
1614	50.51	7.88479
1615	50.35	7.68424
1616	50.45	7.99922
1617	50.76	7.80912
1618	50.45	8.05652
1619	50.32	8.16319
1620	51.21	8.26716
1621	50.66	8.40621
1622	50.8	8.48646
1623	50.68	8.40938
1624	50.31	8.28214
1625	49.99	7.85811
1626	50.22	8.13213
1627	50.52	8.61682
1628	49.93	8.75243
1629	49.78	8.20193
1630	49.65	8.32992
1631	50.17	8.18786
1632	49.85	8.40045
1633	48.22	8.47889
1634	48.13	8.04693
1635	48.71	8.19182
1636	49.16	8.23009
1637	49.76	8.30195
1638	49.34	8.14152
1639	49.41	7.78729
1640	49.96	7.89673
1641	49.88	7.50903
1642	51.17	7.72147
1643	50.93	8.00157
1644	50.04	8.11655
1645	49.61	8.11652
1646	50.61	8.29927
1647	49.79	8.6779
1648	49.56	8.58757
1649	49.47	8.17246
1650	49.12	7.82851
1651	50.05	7.76321
1652	49.7	7.6857
1653	49.72	7.85885
1654	49.86	7.93728
1655	50.06	7.56415
1656	50.46	7.55436
1657	50.37	7.95821
1658	50.1	7.9
1659	50.44	8.1576
1660	50.46	8.17486
1661	50.51	8.27828
1662	50.17	8.70753
1663	49.56	8.69519
1664	49.39	8.61498
1665	49.4	8.67756
1666	49.56	8.89755
1667	49.68	8.56257
1668	49.69	8.05195
1669	50.06	8.33765
1670	50.54	7.7607
1671	50.59	8.11923
1672	51.1	8.14432
1673	50.43	8.06753
1674	50.35	8.12573
1675	51.12	8.18692
1676	50.23	8.41054
1677	50.12	8.392
1678	50.46	8.60746
1679	50.64	8.85158
1680	50.98	8.14982
1681	50.4	8.03741
1682	50.69	7.94191
1683	50.58	7.69958
1684	50.57	7.73855
1685	50.41	7.65649
1686	51.07	8.00532
1687	51.41	8.0512
1688	52	8.29819
1689	51.39	8.46037
1690	51.1	7.81217
1691	51.04	7.70574
1692	50.93	8.08611
1693	50.61	7.70311
1694	50.45	7.90743
1695	49.98	8.57319
1696	49.46	8.4005
1697	49.94	8.90261
1698	49.84	8.73581
1699	50.64	8.7653
1700	50.87	8.10636
1701	51.22	8.3661
1702	50.91	8.63608
1703	50.49	8.63539
1704	50.97	8.44684
1705	50.9	7.52263
1706	50.47	7.34909
1707	50.4	7.49266
1708	50.59	7.83338
1709	51.16	8.11877
1710	51.18	8.35749
1711	50.08	8.46721
1712	50.22	8.35054
1713	50.03	8.47992
1714	50.7	8.55278
1715	50.16	8.99635
1716	50.4	9.12031
1717	50.17	9.03223
1718	49.6	9.1214
1719	49.03	8.67578
1720	48.98	8.56035
1721	48.94	9.07394
1722	48.84	8.66686
1723	49.56	8.57475
1724	49.88	8.71927
1725	50.55	8.53859
1726	50.17	8.73505
1727	50.5	8.62612
1728	49.91	8.58847
1729	50.46	8.89879
1730	50.79	8.79238
1731	50.79	8.41938
1732	51.31	8.62751
1733	52	8.34865
1734	51.41	8.65343
1735	51.36	8.16397
1736	50.98	7.96615
1737	51	8.40476
1738	50.01	7.94292
1739	49.49	7.92275
1740	49.01	7.94921
1741	48.47	7.45581
1742	48.36	7.50935
1743	49.03	7.69085
1744	48.55	7.57545
1745	49.37	8.16046
1746	49.4	8.3857
1747	49.25	8.18215
1748	49.7	8.21523
1749	50.57	8.47261
1750	50.89	8.34134
1751	50.43	7.80161
1752	50.25	7.42748
1753	50.55	7.3951
1754	49.64	6.90003
1755	49.54	7.10833
1756	50.35	6.75629
1757	50.44	6.95891
1758	50.45	7.15035
1759	50.54	7.14622
1760	50.19	7.83543
1761	51.31	8.02956
1762	51.77	8.47096
1763	51.28	8.90739
1764	51.78	9.09239
1765	51.36	8.5411
1766	51.27	8.70386
1767	50.96	8.99769
1768	51.08	8.72202
1769	51.08	8.30263
1770	51.42	8.65006
1771	51.96	8.4011
1772	52.05	8.38496
1773	51.55	8.43371
1774	51.14	8.46761
1775	50.46	8.54684
1776	50.21	7.87946
1777	50.38	8.07686
1778	50.48	8.31562
1779	50.48	8.35282
1780	50.77	8.33769
1781	51.25	8.35389
1782	50.48	7.88731
1783	51.07	8.40506
1784	51.13	8.71166
1785	50.77	8.39983
1786	51.43	8.28282
1787	51.92	8.96513
1788	52.03	8.86054
1789	52.68	8.56957
1790	52.72	8.73737
1791	52.82	8.4064
1792	52.39	8.20109
1793	51.93	8.40863
1794	52.15	8.29503
1795	52.19	8.17398
1796	51.94	8.48153
1797	52.26	8.11495
1798	51.62	8.99531
1799	51.23	8.94411
1800	51.43	9.01472
1801	50.97	9.09775
1802	50.34	9.0898
1803	49.44	8.66524
1804	49.31	8.3243
1805	49.5	8.21158
1806	50.01	8.148
1807	49.97	8.27702
1808	49.62	8.17041
1809	49.55	8.04037
1810	50.97	8.69765
1811	50.5	8.16884
1812	50.17	7.88804
1813	49.03	7.13646
1814	49.83	7.74604
1815	50.1	7.56241
1816	50.27	7.56684
1817	50.18	7.50917
1818	50.82	7.61102
1819	50.85	7.62414
1820	51.1	7.504
1821	51.18	6.92153
1822	50.89	6.7969
1823	50.32	7.47647
1824	49.8	7.77946
1825	49.72	8.26569
1826	50.58	8.30564
1827	50.72	8.0487
1828	51.02	8.46284
1829	50.48	8.63421
1830	49.96	8.55327
1831	50.31	8.25796
1832	50.74	8.14324
1833	50.85	8.06272
1834	50.73	8.34129
1835	50.39	8.37723
1836	50.52	8.34204
1837	50.17	8.40721
1838	50.52	8.72981
1839	50.59	8.47832
1840	50.66	9.20676
1841	50.06	8.66005
1842	50.21	8.52091
1843	50.12	8.45492
1844	51.23	8.31607
1845	51.86	8.21465
1846	52.26	8.33501
1847	51.56	8.40276
1848	51.52	8.77551
1849	51.57	8.63279
1850	51.59	8.70528
1851	51.1	8.66429
1852	51.2	8.92637
1853	51.93	8.7707
1854	50.85	8.02294
1855	51.08	7.69764
1856	50.86	7.89939
1857	51.2	7.73951
1858	50.92	7.79959
1859	52.05	8.10478
1860	52.1	8.52467
1861	51.45	8.67453
1862	52.08	8.7632
1863	52.05	8.521
1864	51.83	8.2487
1865	52.29	8.16982
1866	51.89	8.36886
1867	52.2	8.55219
1868	52.94	8.13857
1869	52.94	8.23143
1870	52.99	8.30481
1871	52.29	7.6201
1872	52.25	7.35986
1873	52.42	7.6055
1874	52.27	7.48846
1875	52.31	7.46819
1876	52.01	7.95927
1877	51.96	8.03856
1878	51.72	8.01633
1879	52.08	7.9255
1880	52.48	7.66613
1881	52.91	7.37848
1882	53.29	7.95901
1883	52.51	8.12588
1884	52.07	7.93253
1885	50.9	8.34206
1886	50.94	8.60095
1887	51.81	8.49552
1888	51.56	8.17719
1889	51.48	8.11601
1890	51.37	8.16046
1891	51.52	8.39343
1892	52.17	8.16462
1893	51.75	7.65686
1894	51.56	7.64241
1895	51.96	8.50049
1896	52.34	8.49025
1897	52.91	8.56632
1898	53.17	8.73276
1899	52.95	9.03479
1900	52.08	9.03956
1901	51.47	8.85715
1902	50.34	8.62116
1903	50.83	8.51945
1904	50.43	8.63163
1905	50.7	8.58312
1906	50.46	8.25399
1907	50.42	8.40616
1908	50.48	7.98183
1909	49.66	7.64359
1910	50.49	7.7878
1911	50.96	8.29569
1912	51.24	8.30556
1913	51.21	8.60964
1914	51.87	8.75746
1915	51.08	8.02581
1916	51.64	8.47764
1917	51.53	8.12337
1918	52.02	8.6533
1919	51.47	8.34201
1920	51.18	8.45858
1921	52.32	8.69929
1922	52.88	8.58636
1923	52.97	7.99807
1924	52.57	8.24652
1925	52.18	8.45503
1926	52.15	8.44438
1927	52.47	8.73322
1928	52.66	8.81728
1929	52.07	9.06339
1930	52.23	9.01316
1931	52.85	8.84011
1932	52.61	7.61957
1933	52.32	7.17618
1934	52.14	7.18891
1935	52.21	7.36382
1936	52.05	7.91881
1937	52.56	7.7438
1938	51.99	8.21766
1939	51.53	8.25161
1940	51.43	8.27557
1941	51.43	8.16487
1942	52.22	8.04808
1943	51.65	7.89858
1944	51.43	7.94135
1945	51.77	8.35686
1946	51.74	8.4813
1947	52.12	8.28406
1948	51.79	8.6502
1949	51.57	8.30211
1950	51.05	7.81585
1951	50.5	7.73628
1952	50.99	7.88733
1953	50.84	7.9432
1954	50.76	7.75128
1955	50.78	7.97569
1956	50.58	7.98396
1957	50.56	7.81834
1958	51.63	8.74375
1959	52.55	9.01374
1960	52.59	8.54763
1961	52.3	8.81419
1962	51.87	8.76773
1963	52.19	8.57636
1964	53.06	8.32805
1965	52.81	8.03205
1966	52.23	8.24118
1967	51.37	8.40792
1968	52.01	8.51293
1969	50.76	8.92986
1970	50.75	9.01596
1971	51.21	8.87389
1972	51.61	8.08813
1973	51.45	7.65686
1974	50.84	7.71326
1975	51.04	8.05347
1976	50.95	7.90617
1977	51.06	8.19246
1978	51.29	8.26111
1979	50.83	7.72017
1980	50.83	7.99882
1981	51.03	8.14795
1982	51.37	8.35901
1983	51.71	8.10592
1984	51.83	8.10439
1985	51.82	7.97669
1986	51.93	8.05761
1987	51.87	7.82516
1988	52.03	8.02927
1989	52.27	8.36045
1990	53.21	8.65482
1991	53.01	9.00166
1992	53.43	8.97803
1993	52.73	7.61821
1994	54.15	8.61089
1995	53.03	8.62607
1996	53.05	8.5421
1997	53.17	8.69949
1998	52.78	8.00697
1999	52.78	8.40664
2000	52.87	8.48841
2001	52.68	8.36287
2002	52.65	7.84267
2003	52.81	7.6088
2004	53.71	7.83236
2005	53.6	7.80769
2006	53.57	8.29368
2007	53.41	8.1426
2008	52.88	8.2174
2009	53.16	8.09039
2010	52.87	7.93682
2011	53.73	7.94085
2012	53.39	7.86752
2013	52.71	8.15511
2014	52.92	8.19473
2015	52.71	8.69056
2016	51.95	8.52804
2017	52.48	8.46697
2018	52.86	8.04738
2019	51.76	7.88558
2020	51.97	7.27524
2021	52.16	7.39692
2022	51.89	7.27172
2023	51.4	6.8644
2024	51.44	6.92
2025	51.49	7.26016
2026	51.01	7.1603
2027	51.24	7.18348
2028	51.08	7.02379
2029	51.2	6.63626
2030	51.42	6.93135
2031	50.59	7.3866
2032	50.33	7.37707
2033	50.91	7.98385
2034	51.39	7.78061
2035	51.33	8.02254
2036	51.48	8.10861
2037	52.22	8.33136
2038	52.22	8.16649
2039	52.02	8.35821
2040	51.45	8.44793
2041	51.24	8.2911
2042	50.81	8.10641
2043	51.62	8.21314
2044	52.02	8.49939
2045	52.16	8.31351
2046	52.04	7.43763
2047	51.77	7.46037
2048	52.1	7.55315
2049	51.53	7.18116
2050	51.46	7.67518
2051	52.48	7.94667
2052	52.48	8.19327
2053	52.86	8.31748
2054	52.99	8.40892
2055	52.94	8.16434
2056	53.72	8.62564
2057	54.17	9.14446
2058	53.73	8.83386
2059	53	7.62496
2060	53.3	7.83773
2061	53.7	7.75306
2062	53.68	8.74743
2063	53.37	8.50724
2064	53	8.28372
2065	52.82	8.50691
2066	53.26	8.63553
2067	52.71	8.14407
2068	52.79	8.18449
2069	52.74	8.06303
2070	52.96	8.84186
2071	52.64	8.62383
2072	52.61	8.07947
2073	53.12	8.53379
2074	51.89	8.13129
2075	51.75	8.25878
2076	52.09	8.96336
2077	51.47	8.71603
2078	51.82	8.99487
2079	51.28	8.5441
2080	50.75	8.43964
2081	51.16	8.3099
2082	51.53	8.22855
2083	51.42	8.15988
2084	51.31	7.89898
2085	51.01	7.65571
2086	52.09	8.05493
2087	52.1	8.13081
2088	51.76	7.86399
2089	52	7.70844
2090	52.19	8.02583
2091	51.6	7.81281
2092	52.48	7.83898
2093	52.01	7.92275
2094	52.09	7.59486
2095	52.47	7.63211
2096	52.46	7.25316
2097	52.26	7.50949
2098	52.89	6.81747
2099	52.99	7.27392
2100	52.8	7.39594
2101	51.53	7.0703
2102	51.19	7.70285
2103	51.75	7.73741
2104	51.91	7.56716
2105	51.93	7.35834
2106	52.18	7.29847
2107	52.17	7.76409
2108	52.06	7.65352
2109	52.49	7.687
2110	52.87	7.60086
2111	52.95	7.75806
2112	52.93	8.034
2113	52.55	7.87956
2114	52.83	7.59744
2115	52.06	7.73281
2116	51.69	7.79576
2117	52.17	8.15482
2118	52.56	8.05397
2119	51.98	8.02494
2120	52.18	8.12204
2121	52.24	8.55701
2122	53.21	8.7101
2123	53.16	8.29906
2124	53.29	7.94644
2125	53.64	8.09138
2126	53.3	8.16517
2127	52.46	7.67909
2128	52.76	7.84745
2129	53.52	8.10121
2130	53.59	8.20865
2131	53.15	8.40521
2132	53.01	7.94795
2133	52.55	7.73612
2134	53.23	7.4362
2135	53.41	7.88301
2136	53.02	7.82046
2137	52.78	7.69231
2138	52.73	7.82669
2139	52.67	7.67992
2140	52.21	7.93132
2141	53.11	8.04474
2142	53.11	8.41653
2143	52.42	7.46214
2144	52.69	7.61275
2145	52.54	7.72842
2146	52.95	7.69724
2147	53.1	8.02808
2148	53.13	8.43879
2149	52.46	9.06026
2150	51.87	7.98581
2151	51.99	7.82879
2152	52.29	8.21376
2153	52.98	8.61044
2154	52.83	8.62213
2155	53.53	9.06361
2156	53.2	9.4689
2157	52.29	9.01587
2158	52.27	9.11137
2159	52.66	9.1763
2160	52.63	9.01516
2161	54	8.84986
2162	53.72	8.46295
2163	54.05	8.60392
2164	53.98	8.52875
2165	53.86	8.33309
2166	53.58	7.70737
2167	53.14	7.86895
2168	53.17	8.10315
2169	52.64	7.67401
2170	53.15	8.24545
2171	53.2	8.31745
2172	52.57	8.61192
2173	52.64	8.60642
2174	53.08	8.90133
2175	53.36	8.79945
2176	53.49	8.28673
2177	52.5	7.98185
2178	52.35	7.98671
2179	51.96	8.41061
2180	52.71	8.43717
2181	52.34	8.52903
2182	52.35	8.11711
2183	52.6	8.33067
2184	52.65	7.92764
2185	52	8.04736
2186	51.7	8.24318
2187	51.65	7.61627
2188	51.78	7.54795
2189	52.89	7.72385
2190	53.02	7.81278
2191	52.71	7.75925
2192	52.89	7.96605
2193	52.12	8.09849
2194	52.46	7.99177
2195	52.81	7.58247
2196	52.36	7.47599
2197	52.24	7.50483
2198	51.91	7.59881
2199	52.83	8.32112
2200	52.9	8.25893
2201	53.24	8.7694
2202	53.84	8.98635
2203	54.27	9.032
2204	54.35	9.08336
2205	53.65	9.11194
2206	54.14	9.21631
2207	54.19	9.01077
2208	53.53	8.65385
2209	53.16	8.21185
2210	53.49	8.39464
2211	53.07	8.58983
2212	53.47	8.62259
2213	53.8	8.64407
2214	53.04	8.66939
2215	53.62	8.52617
2216	53.59	8.4013
2217	53.42	8.31165
2218	53.17	8.75221
2219	53.41	8.53357
2220	52.85	8.87736
2221	52.77	8.63233
2222	52.3	8.24318
2223	52.53	8.0591
2224	52.71	7.69324
2225	52.06	7.74057
2226	52.04	7.81143
2227	51.57	7.22116
2228	51.71	7.27914
2229	52.38	7.25917
2230	52.1	7.31095
2231	52.79	8.09234
2232	52.81	8.26401
2233	53.05	8.29141
2234	52.88	7.99535
2235	52.67	7.7512
2236	52.4	7.72658
2237	52.77	7.99232
2238	52.4	8.0025
2239	52.27	7.96725
2240	52.69	7.78035
2241	52.55	7.65686
2242	52.9	7.83262
2243	53.17	7.85882
2244	53.81	8.08541
2245	53.5	8.36959
2246	52.44	7.93514
2247	52.38	7.75085
2248	53.28	7.87919
2249	53.17	8.03126
2250	54.07	8.29488
2251	53.21	8.01161
2252	53.74	7.98451
2253	54.13	7.90905
2254	53.98	7.5868
2255	53.47	7.88854
2256	53.87	7.86722
2257	53.77	8.02229
2258	53.41	8.85336
2259	53.23	8.1423
2260	53.07	7.93758
2261	52.4	7.71103
2262	52.69	8.38176
2263	52.92	8.30383
2264	53.93	8.42527
2265	55.21	8.29011
2266	55.03	8.04295
2267	54.9	8.35763
2268	54.48	8.05541
2269	55.33	7.85628
2270	55	8.13511
2271	54.91	8.40487
2272	54.09	8.37746
2273	54.55	8.31189
2274	54.35	8.2406
2275	54.28	8.11059
2276	53.4	7.99875
2277	53.16	8.02586
2278	53.81	8.30626
2279	53.69	8.44712
2280	53.86	8.88372
2281	53.54	9.01379
2282	53.7	9.078
2283	53.02	8.84305
2284	53.52	8.96602
2285	54.31	8.81782
2286	54.95	8.52687
2287	54.92	8.61357
2288	54.73	8.11893
2289	54.97	8.65731
2290	55.28	8.24267
2291	54.76	8.04378
2292	54.95	7.96539
2293	54.52	8.42909
2294	54.79	8.85471
2295	55.08	7.8303
2296	54.93	8.31656
2297	54.6	8.67756
2298	54.37	9.32808
2299	54.04	9.27138
2300	53.8	8.81816
2301	53.38	8.62645
2302	53.71	8.61545
2303	53.9	8.45281
2304	53.97	8.5574
2305	54.02	8.63479
2306	53.98	8.52523
2307	53.59	8.32357
2308	53.44	8.19917
2309	53.44	8.35502
2310	53.45	8.48572
2311	53.28	8.32476
2312	54	8.52995
2313	53.45	8.64682
2314	53.17	8.70638
2315	53.55	8.23089
2316	53.12	8.2913
2317	52.89	8.02732
2318	52.76	7.91848
2319	52.98	8.20607
2320	53.44	7.91242
2321	52.53	8.16021
2322	53.08	8.28333
2323	53.47	7.73234
2324	53.7	7.85812
2325	54.42	8.11071
2326	54.34	7.51428
2327	54.47	7.58611
2328	54.39	7.76517
2329	54.3	7.86448
2330	53.95	7.74129
2331	53.19	7.80345
2332	52.78	7.50677
2333	52.54	7.47987
2334	53.88	7.89212
2335	54.1	8.17007
2336	53.16	8.06563
2337	54.19	8.03081
2338	53.62	7.72759
2339	53.1	7.82624
2340	52.52	7.6164
2341	53.32	7.34286
2342	53.56	7.68547
2343	53.31	7.62718
2344	53.41	7.92603
2345	53.41	7.78087
2346	53.82	8.14049
2347	53.76	7.706
2348	54.61	8.06089
2349	54.69	7.80089
2350	54.63	7.74036
2351	53.64	7.61777
2352	53.83	7.33356
2353	53.88	7.78753
2354	53.35	7.0716
2355	53.08	6.77005
2356	52.97	7.36132
2357	53.14	7.89433
2358	53.12	7.82596
2359	53.57	7.66193
2360	53.51	7.94543
2361	53.4	7.73175
2362	53.68	7.78188
2363	54.35	7.96665
2364	54.26	7.95314
2365	54.3	8.24682
2366	54.92	8.22153
2367	54.76	7.89065
2368	54.65	8.0441
2369	54.73	8.21444
2370	55.08	8.18007
2371	54.12	7.8349
2372	54.21	8.04897
2373	53.98	8.13508
2374	54.34	7.94257
2375	54.73	8.29922
2376	54.67	8.43689
2377	54.62	8.59625
2378	54.77	8.11524
2379	55.14	8.21586
2380	55.15	8.6872
2381	54.76	8.52892
2382	54.4	8.25954
2383	54.68	8.3939
2384	55.15	8.50221
2385	55.13	8.82117
2386	55.18	8.83672
2387	55.34	9.37467
2388	55.48	9.04376
2389	55.29	9.20467
2390	55.03	9.01383
2391	54.96	8.96763
2392	55.65	8.20899
2393	55.47	8.53751
2394	55.48	8.45279
2395	54.95	7.94528
2396	55.4	8.19512
2397	55.82	8.209
2398	55.56	8.23689
2399	56.19	7.83287
2400	55.98	7.56569
2401	55.71	7.69843
2402	55.52	7.96804
2403	54.56	7.9061
2404	54.6	7.88416
2405	54.3	8.49176
2406	54.23	9.26375
2407	54.49	9.11866
2408	53.4	8.84647
2409	53.84	8.87887
2410	54.44	8.65254
2411	53.89	8.3605
2412	54.05	8.88412
2413	53.7	8.71952
2414	53.85	8.97817
2415	54.54	9.02044
2416	54.69	9.12764
2417	54.46	8.80389
2418	54.04	9.30583
2419	53.86	8.92191
2420	54.75	8.76855
2421	54.85	9.08446
2422	55.75	8.53742
2423	55.37	8.78255
2424	55.06	8.7907
2425	55	8.11295
2426	54.86	7.77691
2427	54.46	8.10237
2428	54.94	8.12135
2429	54.94	7.76894
2430	54.85	7.80048
2431	54.3	8.0455
2432	54.01	8.04052
2433	54.14	7.89306
2434	53.91	7.83211
2435	54.47	7.75172
2436	54.74	7.83916
2437	55.26	7.83916
2438	54.49	7.93032
2439	54.39	8.32454
2440	54.25	8.2733
2441	54.58	8.18068
2442	53.75	8.04658
2443	54	8.05854
2444	53.59	8.25723
2445	53.44	8.64329
2446	53.51	8.64349
2447	54.04	8.55561
2448	53.66	7.93753
2449	53.89	7.82035
2450	53.59	7.93107
2451	54.47	7.78133
2452	54.12	8.05888
2453	54.08	8.18863
2454	54.38	8.25443
2455	54.36	8.12345
2456	54.04	8.75776
2457	54.47	8.85715
2458	53.61	8.56959
2459	53.66	8.12677
2460	53.78	7.94428
2461	54.38	7.86102
2462	53.77	8.08808
2463	53.74	8.0915
2464	53.9	7.6518
2465	52.92	7.52021
2466	53.23	8.03599
2467	53.31	8.61243
2468	53.5	8.28312
2469	54.24	8.53595
2470	54.91	8.74997
2471	55.11	8.50046
2472	55.14	8.90171
2473	54.5	8.67813
2474	54.06	8.49802
2475	54.07	8.12804
2476	53.88	7.95774
2477	53.33	7.80904
2478	53.86	8.22316
2479	53.22	7.30696
2480	53.42	7.45142
2481	53.86	7.44314
2482	53.79	7.59249
2483	53.64	7.49469
2484	53.45	7.84904
2485	53.46	8.16752
2486	53.56	7.93262
2487	53.57	7.95519
2488	54.68	7.41873
2489	54.11	7.40796
2490	54.11	7.61826
2491	54.14	7.64725
2492	54.08	7.57057
2493	54.04	7.58804
2494	53.99	7.29862
2495	54.13	7.31936
2496	54.16	7.18153
2497	53.85	7.61364
2498	54.57	7.69578
2499	54.74	7.98701
2500	55.5	8.19939
2501	55.59	8.60592
2502	55.86	8.76929
2503	56.12	9.47447
2504	56.03	8.82435
2505	55.67	8.85896
2506	55.35	9.47668
2507	54.59	9.35638
2508	54.92	9.67645
2509	54.86	8.95547
2510	54.75	8.98262
2511	54.3	8.8775
2512	54.95	8.81405
2513	54.62	8.81565
2514	54.63	8.61122
2515	54.79	8.69861
2516	55.01	8.69655
2517	55.66	8.56647
2518	55.04	8.55093
2519	55.34	8.12554
2520	55.28	7.78727
2521	56.12	7.87309
2522	56.19	8.28818
2523	56.08	8.55416
2524	56.12	8.40866
2525	56	8.44156
2526	55.93	9.04462
2527	56.04	9.00547
2528	56.2	9.01443
2529	55.64	8.67816
2530	55.52	9.00164
2531	55.46	8.78569
2532	55.45	8.47629
2533	55.2	8.66141
2534	56.18	9.10866
2535	55.97	9.19071
2536	56.13	8.68522
2537	55.56	8.45615
2538	55.2	7.9712
2539	54.75	7.85414
2540	54.11	8.07452
2541	54.98	8.02743
2542	54.82	8.2878
2543	54.8	8.11172
2544	54.43	7.93506
2545	54.83	7.90956
2546	54.76	8.34161
2547	54.84	8.48259
2548	55.02	8.41781
2549	55.59	8.55698
2550	55.8	8.76812
2551	55	8.84308
2552	55.13	8.05563
2553	54.81	7.51225
2554	54.99	8.18107
2555	54.16	7.63377
2556	55.21	7.56081
2557	55.13	7.49887
2558	54.34	7.41919
2559	54.91	7.79371
2560	54.81	7.97834
2561	54.23	7.63394
2562	54.72	7.81419
2563	54.23	7.75481
2564	54.14	7.74341
2565	54.11	8.0186
2566	54.12	7.58588
2567	53.96	7.37281
2568	53.7	7.15332
2569	53.26	7.12968
2570	53.58	7.18774
2571	53.38	7.97468
2572	54.14	9.18479
2573	54.72	9.07533
2574	54.34	8.33933
2575	54.95	8.07264
2576	54.84	8.0084
2577	55.58	8.18924
2578	55.74	7.51348
2579	56.03	7.43835
2580	55.78	8.1001
2581	55.74	9.11111
2582	56.41	9.1237
2583	57.36	9.07141
2584	57.18	8.86271
2585	56.58	8.79907
2586	57.01	8.64233
2587	56.41	8.7351
2588	55.39	8.32454
2589	55.35	8.58181
2590	55.73	8.58587
2591	55.87	8.09402
2592	55.87	8.06183
2593	55.79	7.66067
2594	55.95	7.78637
2595	55.89	7.76131
2596	56.45	7.56356
2597	55.77	7.57609
2598	55.17	7.45527
2599	54.58	7.56859
2600	54.42	7.87678
2601	54.05	7.90617
2602	54.12	8.15019
2603	54.96	8.0634
2604	54.06	7.7108
2605	53.72	8.31875
2606	53.83	8.42622
2607	53.91	7.84486
2608	54.76	7.83597
2609	55.29	7.27364
2610	54.85	7.38156
2611	54.75	7.41131
2612	54.75	7.42344
2613	54.39	7.12867
2614	54.12	6.97177
2615	53.59	7.26098
2616	53.74	7.28233
2617	53.6	7.4619
2618	54.5	7.36139
2619	53.65	7.27788
2620	53.5	7.18679
2621	53.51	7.15471
2622	53.08	7.08898
2623	53.78	7.30148
2624	53.46	7.6869
2625	53.81	7.59828
2626	53.62	7.89909
2627	53.91	8.02508
2628	54.59	7.78601
2629	55.22	8.06174
2630	55.85	7.98921
2631	55.74	7.86717
2632	55.58	7.5976
2633	56.15	7.43017
2634	55.21	7.44486
2635	54.96	7.37146
2636	56.2	7.97496
2637	56.03	8.13444
2638	56.21	7.72178
2639	56.4	7.92338
2640	56.34	8.25375
2641	56.06	7.77537
2642	56.79	8.11824
2643	56.81	8.05692
2644	55.97	8.51523
2645	55.84	8.27855
2646	55.6	8.2
2647	55.87	8.07794
2648	55.68	8.23272
2649	54.85	8.23939
2650	55.55	8.41591
2651	55.17	8.20251
2652	55.07	7.99907
2653	54.93	8.45843
2654	55.41	8.32237
2655	54.08	7.85325
2656	54.51	8.02932
2657	54.22	8.15792
2658	55.17	8.09204
2659	54.48	8.01808
2660	54.95	7.92259
2661	55.12	7.87055
2662	54.8	7.75371
2663	54.82	8.1687
2664	54.51	8.17618
2665	54.31	7.98961
2666	54.36	8.20185
2667	54.41	8.20377
2668	54.58	8.51256
2669	54.13	8.46482
2670	54.26	8.50249
2671	53.98	8.44391
2672	53.64	8.34808
2673	54.07	8.41458
2674	55.36	8.6597
2675	54.77	8.44731
2676	55.15	8.1797
2677	55.55	8.15031
2678	55.11	8.3077
2679	55.55	8.13926
2680	55.46	7.67388
2681	56.2	7.34983
2682	56.63	7.57186
2683	56.9	7.71816
2684	56.25	7.82097
2685	55.68	7.92197
2686	56.03	7.9843
2687	55.81	8.45777
2688	55.96	8.28845
2689	55.24	8.38346
2690	54.94	7.97348
2691	54.17	7.6721
2692	54.65	7.68424
2693	54.91	7.4298
2694	55.13	7.37381
2695	55.45	7.49583
2696	55.54	7.75038
2697	56.03	8.06034
2698	56	8.20244
2699	55.71	8.26716
2700	55.7	8.31565
2701	56.52	8.85718
2702	55.43	8.48087
2703	54.63	8.40197
2704	54.79	8.98476
2705	53.95	8.40996
2706	54.54	8.30954
2707	54.65	8.71364
2708	55.3	8.60523
2709	55.46	8.45863
2710	54.85	8.41353
2711	54.69	8.17887
2712	55	8.16088
2713	55.22	7.9556
2714	55.02	7.82557
2715	55.13	7.3833
2716	54.22	6.60996
2717	54.22	6.9994
2718	55.13	7.50421
2719	55.27	7.38357
2720	54.72	7.67343
2721	54.43	7.97277
2722	54.86	8.37976
2723	55.27	8.25936
2724	55.32	8.07574
2725	55.67	8.70064
2726	55.79	8.70666
2727	55.76	8.86806
2728	55.85	8.35987
2729	55.98	8.46874
2730	56.2	8.45695
2731	55.96	8.48165
2732	56.27	8.71189
2733	56	8.62786
2734	56.52	8.66427
2735	56.35	9.00264
2736	55.62	8.48266
2737	56.19	8.71515
2738	56.32	8.33172
2739	55.35	7.83757
2740	55.77	7.68746
2741	55.7	7.28629
2742	55.42	7.19747
2743	56.06	7.05524
2744	56.71	7.08561
2745	56.48	7.0887
2746	56.17	7.77696
2747	56.97	8.02553
2748	56.53	8.01181
2749	56.29	7.47702
2750	56.34	7.61606
2751	56.7	7.67007
2752	56.3	7.80577
2753	56.67	8.10439
2754	55.92	8.20692
2755	55.67	8.39411
2756	55.77	8.59052
2757	55.63	8.81664
2758	56.01	8.61219
2759	55.85	8.77083
2760	55.51	8.95265
2761	55.12	8.78667
2762	55.01	8.80738
2763	55.02	8.60346
2764	55.53	8.63534
2765	55.87	8.5272
2766	55.35	8.64913
2767	54.31	8.1752
2768	54.77	7.73415
2769	54.83	7.79109
2770	55.16	7.88761
2771	55.78	8.09392
2772	55.64	8.27589
2773	55.81	8.30746
2774	55.3	7.75564
2775	55.61	7.57746
2776	55.24	7.94244
2777	55.02	8.31863
2778	55.53	8.35399
2779	55.45	7.81073
2780	55.91	7.89822
2781	55.97	7.42759
2782	55.55	7.52114
2783	54.63	7.51752
2784	53.81	7.30574
2785	55.29	8.13055
2786	55.32	8.30166
2787	55.42	8.17212
2788	55.77	8.1754
2789	55.84	7.81245
2790	55.26	7.99952
2791	55.51	7.47729
2792	55.58	7.46348
2793	56.84	7.42391
2794	56.1	7.1
2795	54.7	7.2118
2796	55.13	7.49754
2797	55.5	7.73757
2798	55.62	7.59708
2799	55.62	7.56145
2800	55.07	7.7695
2801	55.29	7.90607
2802	54.99	8.01186
2803	55.28	8.05243
2804	54.7	8.04301
2805	55.32	7.92323
2806	55.34	7.6318
2807	54.86	7.53129
2808	55.35	7.57017
2809	55.9	7.57694
2810	55.49	7.53989
2811	55.57	7.64625
2812	56.5	7.9177
2813	56	8.16946
2814	55.03	8.16021
2815	55.34	8.04142
2816	55.63	8.22029
2817	56.3	7.83901
2818	56.63	7.695
2819	56.39	7.45774
2820	56.25	7.82224
2821	55.75	7.89224
2822	55.78	7.87855
2823	55.27	7.74449
2824	55.1	7.67268
2825	55.23	7.64442
2826	54.72	7.31585
2827	54.49	7.40607
2828	54.67	7.59744
2829	54.87	7.16192
2830	54.66	7.20169
2831	55.05	7.15035
2832	55.34	8.12554
2833	55.6	8.35464
2834	55.99	8.60755
2835	56.21	8.0527
2836	55.94	7.89281
2837	55.11	8.09061
2838	55.63	8.09525
2839	55.77	7.86874
2840	55.55	7.86305
2841	55.82	7.92639
2842	55.11	7.60644
2843	55.39	7.80627
2844	55.78	7.99947
2845	55.83	8.42503
2846	56.23	8.6624
2847	56.74	9.07923
2848	56.6	8.99555
2849	56	9.16515
2850	56.48	9.18529
2851	56.29	9.19271
2852	56.21	8.42887
2853	56.14	8.50296
2854	56.36	8.55864
2855	56.67	8.53704
2856	56.64	8.49649
2857	56.95	8.84124
2858	56.52	8.40652
2859	55.64	8.27227
2860	55.77	8.00732
2861	55.46	8.54801
2862	55.39	8.30289
2863	55.37	8.93382
2864	56.28	9.06761
2865	56.55	8.73885
2866	56.67	8.59657
2867	56.3	8.61452
2868	55.83	8.66609
2869	55.52	7.88604
2870	55.57	8.06629
2871	55.81	7.852
2872	56.54	7.87962
2873	56.07	7.95771
2874	56.55	8.20899
2875	56.27	8.39745
2876	56.23	8.21201
2877	56.78	7.83273
2878	56.67	8.03001
2879	57.09	8.34517
2880	56.51	8.19328
2881	56.39	8.1399
2882	56.2	8.10925
2883	56.27	8.49806
2884	57.46	9.01157
2885	57.59	8.98454
2886	58.06	8.9284
2887	57.52	8.55977
2888	57.17	8.61401
2889	57.38	9.08601
2890	57.15	9.18736
2891	57.48	9.00609
2892	57.16	9.1189
2893	56.49	9.089
2894	56.43	8.8445
2895	55.88	8.45373
2896	55.68	8.12266
2897	55.39	7.94468
2898	55.56	8.48448
2899	55.64	8.17254
2900	55.22	7.97318
2901	55.19	7.95826
2902	55.93	8.14525
2903	56.12	8.2332
2904	56.42	8.02768
2905	56.28	7.91464
2906	55.86	8.03246
2907	55.14	6.96709
2908	55.31	7.56531
2909	55.24	7.6041
2910	55.17	7.88804
2911	55.36	7.64529
2912	55.25	7.62807
2913	56.09	7.79499
2914	56.87	8.12484
2915	56.78	7.78278
2916	56.71	7.4139
2917	56.5	7.08025
2918	56.77	6.8086
2919	56.87	6.57215
2920	56.86	7.07958
2921	56.96	7.25385
2922	57.01	7.33416
2923	56.73	7.78184
2924	55.72	7.67995
2925	55.52	7.1407
2926	56.35	8.24909
2927	56.08	8.26641
2928	55.43	7.90222
2929	56.31	7.70804
2930	56.78	7.5506
2931	56.83	7.66427
2932	56.45	7.88971
2933	56.28	7.36353
2934	56.4	7.59474
2935	56.57	7.94009
2936	56.76	7.98138
2937	56.82	8.09985
2938	56.29	9.26099
2939	56.29	8.29855
2940	56.13	8.37813
2941	56.65	8.73313
2942	57.15	8.65722
2943	57.48	8.64347
2944	57.25	8.75486
2945	56.84	8.50496
2946	56.83	9.13133
2947	56.73	8.652
2948	57.02	8.71204
2949	56.94	8.08062
2950	57.06	8.06699
2951	56.68	7.93458
2952	57.65	7.81329
2953	57.87	7.64415
2954	56.8	7.85748
2955	56.64	7.83648
2956	56.58	8.01271
2957	55.7	8.02309
2958	56.13	8.21055
2959	55.64	8.08272
2960	56.04	7.81271
2961	56.33	7.68122
2962	55.87	7.91916
2963	55.79	8.03778
2964	55.74	7.93678
2965	55.99	8.0181
2966	55.25	7.91249
2967	55.1	8.16762
2968	54.72	8.06484
2969	54.51	7.89113
2970	54.2	7.73175
2971	54.43	7.86544
2972	54.81	8.03205
2973	54.91	7.97508
2974	55.86	8.28495
2975	56.52	8.24315
2976	57.21	7.96404
2977	55.85	7.41131
2978	55.74	7.83278
2979	56.14	7.92719
2980	56.25	7.33672
2981	57.36	7.91267
2982	57.12	7.64628
2983	57.24	7.5301
2984	57.13	7.52018
2985	56.91	7.66433
2986	57.46	8.31675
2987	56.82	8.08379
2988	57.67	8.58726
2989	56.45	8.15399
2990	56.96	8.35694
2991	57.29	8.40749
2992	56.78	8.04311
2993	56.44	8.2684
2994	56.21	8.19304
2995	55.9	8.35763
2996	55.92	8.41033
2997	56.04	8.31615
2998	55.89	8.54622
2999	55.71	8.59685
3000	55.39	8.3963
3001	55.15	8.40402
3002	54.94	8.38906
3003	55.23	8.17906
3004	55.57	8.4537
3005	55.1	7.54122
3006	56.04	7.94974
3007	56.07	7.73855
3008	56.58	7.63568
3009	56.85	7.88591
3010	56.78	8.07908
3011	56.42	8.32248
3012	56.53	7.95167
3013	56.55	7.42075
3014	56.61	7.73808
3015	57.66	7.96896
3016	57.69	7.57984
3017	57.57	7.99782
3018	56.94	7.93451
3019	56.86	8.07468
3020	56.23	7.98105
3021	55.76	7.95502
3022	56.32	8.3149
3023	56.34	8.25738
3024	56.22	8.32896
3025	56	8.68447
3026	56.16	8.23009
3027	55.99	8.24439
3028	56.26	8.41144
3029	56.64	8.66201
3030	57.07	8.83658
3031	57.05	9.20367
3032	56.74	8.92706
3033	56.56	8.49273
3034	54.61	8.46037
3035	54.46	8.39097
3036	54.63	8.13223
3037	54.62	8.14098
3038	54.91	8.15487
3039	54.56	8.06637
3040	54.86	7.97499
3041	56.08	8.37697
3042	56.11	8.10172
3043	55.78	7.9782
3044	56.27	8.03599
3045	56.41	7.95625
3046	56.51	7.70648
3047	56.89	7.79217
3048	57.4	8.07341
3049	57.42	7.87551
3050	57.07	8.27557
3051	57.48	8.86169
3052	57.05	8.71249
3053	57.2	8.98777
3054	56.87	8.43286
3055	57.45	8.65144
3056	57.42	8.65353
3057	56.83	8.33313
3058	56.21	8.18205
3059	56.09	8.29469
3060	55.91	7.98886
3061	56.59	7.94367
3062	56.32	7.92323
3063	56.01	8.02932
3064	56.5	8.06288
3065	56.16	8.02461
3066	56.28	8.37625
3067	57.1	8.80625
3068	56.98	8.54281
3069	56.24	8.18794
3070	56.2	8.32827
3071	56.45	8.76285
3072	56.43	8.20153
3073	56.22	8.56806
3074	56.24	8.90294
3075	56.53	8.75951
3076	57.33	8.38458
3077	57.92	8.22275
3078	57.35	7.96288
3079	57.06	8.40098
3080	56.6	8.63134
3081	56.9	7.98937
3082	56.76	7.82703
3083	56.94	7.90547
3084	57.12	8.13176
3085	56.87	7.72613
3086	56.97	7.72458
3087	57.16	7.94572
3088	56.97	8.10118
3089	56.85	8.39807
3090	56.59	8.5007
3091	56.71	8.38009
3092	57.27	8.57421
3093	57.32	8.22421
3094	57.05	8.45976
3095	57.22	8.76422
3096	57.42	8.81723
3097	56.83	8.43215
3098	56.79	8.73876
3099	56.78	8.8697
3100	56.79	8.39678
3101	56.54	8.31315
3102	56.59	8.18425
3103	56.85	8.22724
3104	57.51	8.54926
3105	57.29	8.30698
3106	56.86	7.70327
3107	57.16	7.47358
3108	57.51	7.53723
3109	57.56	7.24061
3110	57.66	7.85267
3111	57.64	8.32649
3112	57.76	8.31399
3113	57.46	8.69071
3114	58.1	8.48705
3115	57.39	8.39987
3116	55.84	7.96457
3117	55.79	8.00162
3118	55.54	7.9037
3119	56.04	8.39157
3120	57.17	8.63256
3121	57.1	8.7023
3122	56.52	8.74583
3123	56.31	9.26142
3124	54.73	8.80779
3125	54.31	8.01336
3126	54.27	7.66532
3127	54.38	8.02967
3128	54.95	8.48454
3129	54.28	8.33316
3130	54.55	8.14663
3131	54.58	8.34767
3132	54.99	8.45872
3133	54.6	8.31505
3134	54.97	8.37192
3135	55.72	8.71904
3136	56.27	8.38314
3137	56.57	8.4466
3138	57.47	8.14304
3139	57.4	7.92338
3140	58.17	7.84226
3141	57.06	7.78565
3142	57.07	7.36241
3143	57.57	7.91866
3144	57.95	7.96665
3145	57.68	7.93206
3146	57.67	8.02752
3147	57.17	8.12164
3148	57.74	8.15551
3149	57.6	8.10062
3150	58.5	8.44571
3151	58.62	8.4045
3152	57.92	8.2966
3153	57.31	8.53662
3154	56.71	8.41344
3155	57.29	8.1906
3156	56.84	7.93942
3157	56.94	7.7108
3158	56.39	7.41741
3159	55.61	7.31423
3160	56.05	8.00172
3161	55.59	8.4132
3162	56.19	8.86758
3163	57.14	8.83292
3164	57.47	8.49995
3165	57.61	8.40464
3166	57.24	8.1328
3167	57.03	8.7252
3168	56.93	8.42052
3169	57.63	8.84834
3170	58.07	9.41409
3171	58.56	9.02477
3172	57.98	8.50527
3173	57.74	8.1371
3174	58.24	8.12788
3175	57.81	8.30746
3176	57.83	8.43452
3177	57.77	8.74626
3178	57.68	8.52746
3179	57.42	8.28997
3180	56.98	8.27403
3181	56.84	8.73696
3182	55.98	8.37374
3183	56.05	8.61902
3184	56.03	8.23827
3185	56.16	7.68599
3186	56.66	7.75657
3187	56.54	7.19781
3188	56.88	7.60563
3189	57.54	8.52927
3190	57.28	8.46768
3191	56.96	8.81921
3192	56.99	8.74699
3193	57.03	8.85037
3194	57.41	8.33198
3195	57.24	8.43697
3196	57.88	8.31659
3197	57.83	8.33193
3198	58.44	8.04651
3199	58.38	8.3232
3200	58.12	8.23806
3201	58.46	8.14054
3202	58.89	8.2848
3203	58.92	8.32067
3204	58.34	8.25254
3205	58.16	8.07678
3206	58.48	8.13693
3207	57.9	7.92528
3208	57.38	7.5641
3209	57.26	7.33978
3210	57.15	7.05603
3211	57.11	7.06384
3212	56.48	7.227
3213	56.97	7.4759
3214	57.49	7.43706
3215	57.42	7.6383
3216	57.73	7.68226
3217	58.18	7.93773
3218	58.65	7.81585
3219	58.58	8.03266
3220	57.75	7.73741
3221	58.08	7.97205
3222	58.65	8.31309
3223	57.81	8.62171
3224	57.7	8.30482
3225	57.86	8.06848
3226	58.23	7.69786
3227	57.82	7.80818
3228	57.86	7.70846
3229	57.42	7.7462
3230	57.4	8.01873
3231	57.93	8.03026
3232	57.55	8.47865
3233	57.48	7.82621
3234	57.43	7.81825
3235	56.79	7.61091
3236	56.33	7.42166
3237	56.27	7.99482
3238	56.28	7.79112
3239	56.06	7.87632
3240	55.86	7.65248
3241	56.58	7.60155
3242	56.81	7.30027
3243	56.67	7.15829
3244	56.18	7.4905
3245	56.94	8.12751
3246	56.74	8.06799
3247	56.61	8.26304
3248	56.4	8.20122
3249	56.77	7.6614
3250	56.08	7.60484
3251	56.15	7.42344
3252	55.66	6.73085
3253	55.62	6.88154
3254	56.37	7.63237
3255	56.61	7.42414
3256	56.65	7.59128
3257	56.58	7.5129
3258	57.41	7.33907
3259	57.19	7.12418
3260	56.09	7.43114
3261	56.48	7.45987
3262	56.54	7.47719
3263	56.67	7.33083
3264	56.02	6.93539
3265	56.7	7.504
3266	56.93	7.3024
3267	56.09	7.63819
3268	56.38	7.90542
3269	56.71	8.17593
3270	57.42	8.56876
3271	57.71	8.47266
3272	57.38	8.20583
3273	57.7	8.10617
3274	58.07	8.20153
3275	57.58	8.27911
3276	58.63	8.27968
3277	57.73	7.82669
3278	57.77	8.04966
3279	57.93	8.01156
3280	57.45	7.85669
3281	57.25	7.8248
3282	57.35	8.02044
3283	58.33	8.05116
3284	58.38	7.78817
3285	58.21	7.94014
3286	58.53	8.40173
3287	57.64	8.5528
3288	56.23	8.82253
3289	56.21	8.4762
3290	56.82	9.18627
3291	57.5	8.76527
3292	56.89	8.38438
3293	57.04	8.18281
3294	57.03	7.72069
3295	56.59	8.02383
3296	57.06	7.7108
3297	57.25	7.56885
3298	57.11	7.43626
3299	56.91	7.30766
3300	57.11	7.38769
3301	57.59	8.1561
3302	57.7	8.09259
3303	57.29	7.4004
3304	57.35	7.25862
3305	57.52	7.60458
3306	57.21	7.4462
3307	56.94	7.69782
3308	56.66	7.89078
3309	56.67	7.67601
3310	57.15	8.62714
3311	57.27	8.86663
3312	57.18	8.85368
3313	57.3	8.90337
3314	57.58	8.63039
3315	57.95	8.79929
3316	57.5	8.62496
3317	57.99	8.71951
3318	58.37	8.96176
3319	58.21	8.65251
3320	58.4	8.44867
3321	57.98	8.03988
3322	57.54	7.81719
3323	57.59	7.92224
3324	58.11	8.17055
3325	58.25	7.99171
3326	58.94	8.12012
3327	58.72	8.13152
3328	59.08	7.97832
3329	58.62	8.46378
3330	58.78	8.58555
3331	58.77	8.4485
3332	58.51	7.87971
3333	58	7.73434
3334	57.75	7.81201
3335	57.63	8.57048
3336	58.09	8.27175
3337	58.55	8.11218
3338	59.23	8.33529
3339	59.14	8.52528
3340	58.41	8.89617
3341	57.85	8.9223
3342	56.81	8.76093
3343	56.33	8.13272
3344	56.47	8.10365
3345	56.72	7.76412
3346	56.27	7.95846
3347	56.12	7.52633
3348	56.92	7.63109
3349	57.08	7.60878
3350	57.86	8.22438
3351	57.97	8.12706
3352	57.5	7.64395
3353	57.25	7.53708
3354	57.74	7.8315
3355	57.67	7.59349
3356	57.95	7.4194
3357	58.64	7.8645
3358	58.45	8.06892
3359	58.69	7.55737
3360	58.98	7.75884
3361	58.95	8.09491
3362	58.4	7.97496
3363	58.11	8.10789
3364	57.55	8.00297
3365	57.09	8.58964
3366	57.41	8.43694
3367	57.94	8.06327
3368	57.71	8.36456
3369	56.84	7.88381
3370	56.36	7.95301
3371	56.53	7.93783
3372	56.73	7.48045
3373	57.39	7.50719
3374	57.32	7.84587
3375	57.57	8.03524
3376	57.97	7.74139
3377	57.97	7.98806
3378	57.99	8.18474
3379	57.7	7.45721
3380	57.35	7.23792
3381	57.55	7.89098
3382	56.84	7.57723
3383	56.89	8.23395
3384	56.97	8.50818
3385	56.53	8.34081
3386	56.92	8.68755
3387	57.77	8.74855
3388	57.63	8.8506
3389	57.95	9.19715
3390	58.45	9.37163
3391	58.04	9.25194
3392	58.24	9.38948
3393	58.31	9.35809
3394	58.07	9.12388
3395	58.88	8.62471
3396	59.76	8.73283
3397	59.78	8.33856
3398	59.7	8.47644
3399	59.99	8.79033
3400	58.73	8.81686
3401	58.11	8.87569
3402	57.25	8.37899
3403	57.79	8.46557
3404	58.19	8.42104
3405	57.18	7.5105
3406	57.13	7.21617
3407	57.08	6.97235
3408	56.29	7.19485
3409	56.18	7.42345
3410	56.47	7.00065
3411	57.8	7.82049
3412	57.49	7.95047
3413	57.3	8.13941
3414	57.6	8.4214
3415	57.54	8.16385
3416	58.04	8.01364
3417	58.07	7.83486
3418	57.75	7.9049
3419	58.2	7.64853
3420	57.89	7.47114
3421	58.16	7.57855
3422	58.09	7.3186
3423	58.23	7.1244
3424	58.08	7.43731
3425	58.69	7.62456
3426	57.93	7.57662
3427	57.46	7.09848
3428	57.37	6.78182
3429	56.85	6.72514
3430	56.65	6.57324
3431	57.14	6.7454
3432	56.8	6.63777
3433	57.12	6.83415
3434	57.32	7.07938
3435	58.34	7.19197
3436	58.04	7.76778
3437	58.48	7.5465
3438	59.13	7.56261
3439	58.87	7.49087
3440	59.06	7.63783
3441	58.5	7.67268
3442	58.72	8.28261
3443	58.57	8.93225
3444	58.21	8.89078
3445	58.28	8.75452
3446	57.82	8.63988
3447	57.59	7.91972
3448	57.9	8.18474
3449	57.1	7.9404
3450	58.08	7.88376
3451	57.62	8.16061
3452	58.1	8.50118
3453	57.88	8.42055
3454	57.75	8.23939
3455	57.8	8.42734
3456	57.28	8.20619
3457	57.56	8.51859
3458	56.48	8.01184
3459	56.78	7.51343
3460	57.08	7.593
3461	57.02	8.06471
3462	57.1	8.3012
3463	57.2	8.6591
3464	57.14	8.64525
3465	57.62	9.07941
3466	57.35	8.77995
3467	56.8	8.34266
3468	56.03	8.3204
3469	56.07	8.22588
3470	55.77	7.79468
3471	55.79	7.95399
3472	56.65	7.95157
3473	57.11	7.64185
3474	56.75	7.88717
3475	57.11	7.94594
3476	57.48	8.13447
3477	57.58	8.64544
3478	58.56	8.95692
3479	58.54	8.93244
3480	58.33	8.69489
3481	58.48	8.72981
3482	58.36	8.59013
3483	58.07	8.07621
3484	57.91	7.83211
3485	57.66	7.25013
3486	57.94	6.79238
3487	57.81	6.66438
3488	58.53	6.55966
3489	58.47	6.55356
3490	58.16	6.82601
3491	57.24	7.23066
3492	57.96	7.83699
3493	57.99	7.7801
3494	57.65	7.39916
3495	57.95	7.36665
3496	58.76	7.80656
3497	59.48	7.80958
3498	58.81	7.53485
3499	58.61	6.95111
3500	58.75	7.28749
3501	59	7.21249
3502	59.37	7.70929
3503	58.59	7.89062
3504	57.55	7.68684
3505	56.93	7.46492
3506	57.6	7.57232
3507	57.62	7.83681
3508	58.35	7.97794
3509	58.89	8.42246
3510	58.28	8.69262
3511	58.49	8.54458
3512	58.89	8.64742
3513	59.07	8.58866
3514	58.59	8.34877
3515	58.78	8.70584
3516	57.92	8.44711
3517	57.99	7.72463
3518	58.66	7.45952
3519	58.1	7.70779
3520	58.28	7.84994
3521	58.35	7.27375
3522	57.65	7.67121
3523	57.23	7.19146
3524	56.88	7.10814
3525	56.51	7.04343
3526	56.68	6.93813
3527	56.87	6.64628
3528	56.39	7.2552
3529	56.68	6.79394
3530	56.86	6.5008
3531	56.75	6.83429
3532	56.32	6.70206
3533	57.68	7.33605
3534	57.73	7.33601
3535	58.08	7.36842
3536	58.69	7.93561
3537	58.26	8.15674
3538	58.76	8.20868
3539	58.54	8.55853
3540	57.98	7.9473
3541	57.94	7.56415
3542	58.05	7.48515
3543	58.51	7.8721
3544	58.5	8.10247
3545	58.42	7.67747
3546	58.49	7.50666
3547	58.7	7.71816
3548	58.91	8.69953
3549	59.52	9.12193
3550	59.69	9.1375
3551	58.89	9.13662
3552	59.3	8.84025
3553	59.18	9.38337
3554	59.62	9.48976
3555	59.39	9.57068
3556	59.48	8.69998
3557	58.92	8.65411
3558	59.32	8.95419
3559	59.25	8.67914
3560	59.03	8.63071
3561	58.58	8.91536
3562	58.52	8.88536
3563	58.27	8.06456
3564	58.05	7.73612
3565	57.94	7.75992
3566	58.17	7.33765
3567	57.96	7.76649
3568	57.39	7.73937
3569	57.13	7.41034
3570	58.12	7.88578
3571	58.17	7.4405
3572	57.67	7.10782
3573	58.17	7.42301
3574	58.19	7.50426
3575	58.76	7.85763
3576	59.2	8.44275
3577	59.23	8.08561
3578	58.78	8.11983
3579	58.79	8.28408
3580	57.8	8.40238
3581	57.27	8.24604
3582	57.92	7.84943
3583	57.82	8.20046
3584	58.36	8.33969
3585	58.69	8.23128
3586	58.69	7.74557
3587	58.5	7.37631
3588	58.8	7.34166
3589	58.53	7.56367
3590	57.74	7.69236
3591	57.72	7.63293
3592	57.27	7.17754
3593	58.14	7.26364
3594	57.74	7.18696
3595	57.53	6.92308
3596	58.04	6.82191
3597	58.31	7.17732
3598	58.3	7.55182
3599	57.04	7.68364
3600	56.79	7.49839
3601	56.7	7.66746
3602	57.58	7.91982
3603	57.47	8.06034
3604	58.43	8.32617
3605	58.33	8.35949
3606	58.96	8.34017
3607	58.41	8.21352
3608	59.52	8.06409
3609	59.14	7.94106
3610	59.78	8.0344
3611	60.03	7.45581
3612	58.99	7.64264
3613	59.39	7.47381
3614	59.02	7.4256
3615	59.31	7.45345
3616	58.68	7.06524
3617	58.57	6.89239
3618	58.8	7.14983
3619	58.77	7.18868
3620	58.47	7.41277
3621	58.86	7.49536
3622	59.12	7.67239
3623	58.82	8.42897
3624	58.81	8.7163
3625	59.05	8.16991
3626	58.48	8.17249
3627	57.99	7.84155
3628	57.71	7.78755
3629	57.18	7.68685
3630	57.67	7.95494
3631	58.07	7.86798
3632	58.18	7.80818
3633	58.09	7.67606
3634	58.08	7.88502
3635	57.33	7.61716
3636	57.63	8.03823
3637	56.62	7.46965
3638	56.8	7.58683
3639	56.98	7.9561
3640	57.24	7.75128
3641	57.7	7.84411
3642	57.92	7.77776
3643	57.5	7.42496
3644	57.9	7.96178
3645	57.71	7.89087
3646	57.42	8.38949
3647	57.17	7.91714
3648	57.36	8.00815
3649	58.16	7.75335
3650	58.33	7.79879
3651	59.15	8.41353
3652	58.75	8.20533
3653	58.79	8.23322
3654	58.55	7.99422
3655	58.7	8.32646
3656	58.57	8.25379
3657	58.54	7.99927
3658	57.9	8.00062
3659	58.25	7.9817
3660	58.81	8.19719
3661	59.12	7.79779
3662	59.78	7.52805
3663	59.73	7.52842
3664	59.38	7.85338
3665	59.56	7.32847
3666	59.03	7.45983
3667	59.24	7.68781
3668	59.48	7.63214
3669	59.04	7.7755
3670	59.38	8.13484
3671	58	7.89303
3672	58.52	8.26133
3673	57.9	7.73757
3674	58.48	7.55047
3675	58.3	7.48131
3676	57.79	6.72353
3677	57.59	6.91967
3678	57.46	7.01344
3679	57.3	6.5
3680	57.76	7.31317
3681	58.05	6.9143
3682	58.01	6.72086
3683	58.97	7.29034
3684	58.65	6.91863
3685	58.78	7.29189
3686	58.86	7.15964
3687	58.79	7.37604
3688	58.46	7.18668
3689	58.84	7.48027
3690	58.91	7.35132
3691	59.51	7.33961
3692	59.13	7.18423
3693	58.85	7.46776
3694	58.58	7.09532
3695	58.48	6.96919
3696	59.06	7.34005
3697	58.53	7.968
3698	58.25	8.01296
3699	58.24	7.78732
3700	58.65	7.91881
3701	57.93	7.73079
3702	57.88	7.46764
3703	58.09	7.583
3704	58.71	7.9816
3705	57.91	7.56187
3706	58.23	7.21645
3707	58.62	7.37263
3708	58.34	7.2584
3709	58.1	7.39797
3710	58.74	7.9128
3711	58.94	7.90294
3712	59.08	7.51489
3713	59.12	7.39227
3714	59.75	7.5543
3715	59.28	7.87157
3716	59.09	7.82189
3717	59.26	7.7558
3718	59.21	8.16247
3719	59.54	8.06278
3720	59.68	8.26061
3721	59.33	7.90829
3722	59.34	8.07369
3723	59.4	8.40357
3724	59.04	8.59758
3725	58.92	8.74034
3726	59.04	8.33057
3727	59.5	7.81345
3728	59.53	8.01306
3729	59.13	7.97578
3730	59.5	8.5188
3731	59.46	8.66305
3732	59.86	8.14619
3733	59.47	8.19324
3734	59.52	7.91389
3735	59.46	7.76327
3736	59.04	7.61435
3737	58.26	7.64934
3738	58.64	7.33147
3739	59.04	7.269
3740	58.52	7.29312
3741	58.52	6.72827
3742	58.34	6.713
3743	57.84	7.12281
3744	58.08	6.98095
3745	58.7	7.00071
3746	58.6	7.24431
3747	58.5	6.67158
3748	58.75	6.95467
3749	58.95	6.73702
3750	59.48	7.07457
3751	59.59	7.05988
3752	58.88	6.9646
3753	58.98	7.62362
3754	59.89	7.51518
3755	60.18	7.66339
3756	59.96	7.74715
3757	59.91	7.53272
3758	60.02	7.41482
3759	59.61	7.5497
3760	59.74	7.64149
3761	59.15	7.90617
3762	58.96	7.41339
3763	58.34	6.99889
3764	58.41	6.84119
3765	59.07	7.03599
3766	59.89	7.40661
3767	59.44	7.46903
3768	59.79	7.7386
3769	59.66	7.74109
3770	59.59	7.6578
3771	59.95	8.13926
3772	60.49	8.08269
3773	60.23	7.74578
3774	60.43	7.82976
3775	59.5	7.33689
3776	59.25	7.72577
3777	59.25	8.07016
3778	59.41	8.1928
3779	59.64	8.33729
3780	59.52	7.86191
3781	59.68	7.78316
3782	60.06	7.7354
3783	60.27	7.8573
3784	60.38	7.72111
3785	60.71	7.48638
3786	60.22	7.12823
3787	60.05	7.49183
3788	59.82	7.28887
3789	59.43	7.08697
3790	59.25	7.38156
3791	59.26	7.31248
3792	59.52	7.75691
3793	59.35	7.94276
3794	59.78	7.76734
3795	58.91	7.87159
3796	59	7.54851
3797	59.29	7.97408
3798	58.55	7.46776
3799	58.17	7.59481
3800	58.41	7.71115
3801	57.81	7.91921
3802	57.74	8.14324
3803	58.27	7.97854
3804	58.01	7.56637
3805	58.63	7.53479
3806	58.06	7.34278
3807	58.45	7.08573
3808	58.14	7.09369
3809	58.53	7.05189
3810	58.55	6.85474
3811	58.91	6.98154
3812	58.88	7.10391
3813	59.45	7.28062
3814	58.97	7.70773
3815	59.4	7.65114
3816	59.8	7.57892
3817	60	7.63544
3818	60.46	7.96545
3819	60.6	8.18046
3820	60.93	8.07497
3821	60.72	7.7215
3822	60.81	8.13596
3823	60.51	8.09876
3824	60.54	7.86056
3825	59.94	7.6116
3826	59.48	7.40605
3827	59.25	7.61233
3828	58.94	7.76508
3829	59.37	7.89006
3830	58.61	7.61826
3831	58.78	7.84548
3832	58.71	7.71012
3833	58.41	8.12908
3834	58	7.71103
3835	58.42	7.5897
3836	58.21	7.13063
3837	59.29	8.05021
3838	59.18	8.10602
3839	59	7.99125
3840	59.18	7.67643
3841	59.13	7.63761
3842	59.03	7.48793
3843	58.5	7.21457
3844	58.68	7.60642
3845	59.19	8.06188
3846	58.93	7.95016
3847	59.38	7.69127
3848	59.29	7.4341
3849	58.66	6.86181
3850	58.71	6.42385
3851	58.3	6.75796
3852	58.52	6.2952
3853	58.28	6.34205
3854	58.31	6.75973
3855	58.4	6.59545
3856	58.32	6.79835
3857	58.83	6.9614
3858	58.13	7.32483
3859	58.67	6.99007
3860	58.86	7.50336
3861	58.94	7.62472
3862	59.4	7.498
3863	59.81	7.3358
3864	59.49	6.9606
3865	58.96	6.82923
3866	59.52	7.15189
3867	58.45	6.9114
3868	58.32	7.12724
3869	59.53	6.88252
3870	59.58	7.25283
3871	59.14	7.14845
3872	59.2	7.49667
3873	58.86	6.92534
3874	59	6.81322
3875	59.53	6.92308
3876	59.63	7.07906
3877	59.89	6.72145
3878	59.16	7.03949
3879	60.22	7.44927
3880	60.33	7.69552
3881	60.03	8.11598
3882	60.32	7.99485
3883	60.08	7.57322
3884	59.57	7.52762
3885	59.53	7.77619
3886	59.79	7.62272
3887	59.44	7.32164
3888	59.36	8.02312
3889	60.29	8.06758
3890	61.24	8.33441
3891	60.71	8.45375
3892	60.63	8.53892
3893	59.93	8.35973
3894	59.82	8.15031
3895	60.06	8.40812
3896	60.22	8.25782
3897	59.76	7.64215
3898	60.02	7.8051
3899	60.13	7.8034
3900	60.35	6.91863
3901	59.6	6.6
3902	59.21	6.33766
3903	58.9	6.46142
3904	59.19	6.89593
3905	59.26	7.33706
3906	59.57	7.80802
3907	59.46	7.77228
3908	59.7	7.76209
3909	59.43	7.40305
3910	60.32	7.79985
3911	60.26	8.04689
3912	59.18	7.78252
3913	59.53	7.65305
3914	59.57	7.49434
3915	60.02	7.77686
3916	59.8	7.83454
3917	59.54	7.55966
3918	58.55	7.03616
3919	59.25	7.12232
3920	59.96	7.12449
3921	59.43	6.87642
3922	59.58	7.02735
3923	58.99	7.33825
3924	59.17	6.98291
3925	59.53	7.20341
3926	59.39	7.4376
3927	59.58	7.5976
3928	59.74	7.77897
3929	60.43	7.75017
3930	60.8	7.47797
3931	60.23	7.32647
3932	60.43	7.4743
3933	59.9	6.98928
3934	60.4	7
3935	59.77	7.48713
3936	60.12	7.38008
3937	60.32	7.36869
3938	59.68	7.67578
3939	58.32	7.73548
3940	58.3	7.57826
3941	58.45	7.80817
3942	58.43	7.32701
3943	58.24	7.16257
3944	58.6	7.06965
3945	58.31	7.49626
3946	59.24	7.46876
3947	59.6	7.6629
3948	59.43	7.52497
3949	59.58	7.56595
3950	59.75	7.33127
3951	60.01	8.01935
3952	59.22	7.92538
3953	59.4	8.22192
3954	58.92	8.31827
3955	58.69	7.84563
3956	58.69	7.38606
3957	59.09	7.59354
3958	59.38	7.55616
3959	59.69	7.61669
3960	59.61	7.65623
3961	59.43	7.98906
3962	59.9	8.04922
3963	60.52	8.0938
3964	60.35	8.29262
3965	60.2	7.81793
3966	59.97	7.56764
3967	60	7.38783
3968	60.03	7.51725
3969	60.17	7.3567
3970	60.24	7.44059
3971	60.71	7.13063
3972	60.94	7.45093
3973	61.16	7.37797
3974	60.95	7.75935
3975	61.25	7.45436
3976	60.19	7.56663
3977	59.96	7.28686
3978	59.67	7.37028
3979	59.31	7.22592
3980	59.68	8.13742
3981	60.15	8.02543
3982	59.62	7.82148
3983	59.85	7.27375
3984	59.62	7.60497
3985	59.94	7.30728
3986	59.71	7.51305
3987	59.3	7.92528
3988	59.17	7.91588
3989	59	7.56571
3990	59.21	7.20735
3991	59.74	7.71702
3992	59.06	7.31412
3993	58.55	7.38834
3994	59.02	7.17353
3995	59.21	7.67241
3996	59.48	7.48262
3997	59.69	7.62325
3998	59.49	7.74661
3999	59.34	7.79259
4000	59.38	7.93067
