1	18.78	1.69458
2	19.59	1.91361
3	20.27	2.23094
4	20.76	2.83944
5	21.53	3.13195
6	22.33	3.60293
7	22.24	4.58284
8	22.13	4.93489
9	22.35	5.24476
10	22.06	5.80314
11	22.87	6.0822
12	23.39	6.42479
13	23.25	6.8255
14	23.63	7.27826
15	23.16	8.0009
16	23	8.14862
17	22.12	7.55682
18	21.68	7.86114
19	20.92	7.85835
20	20.87	7.98455
21	20.79	8.07502
22	20.61	8.02608
23	19.98	7.03417
24	19.57	6.65921
25	19.02	6.4327
26	19.49	6.62645
27	19.54	7.00917
28	18.66	6.06831
29	18.7	6.21691
30	18.39	6.13008
31	17.66	5.99703
32	17.77	6.02305
33	17.05	5.88111
34	17.06	5.85802
35	17.51	5.95398
36	17.69	6.20273
37	17.11	6.04631
38	16.87	5.62433
39	16.89	5.54959
40	16.7	5.55968
41	16.9	5.73498
42	16.49	5.69297
43	16.58	5.79514
44	16.98	5.7026
45	17.19	5.97946
46	17.02	6.11716
47	17.41	6.25155
48	17.37	5.86797
49	16.5	5.98415
50	16.62	6.25904
51	16.68	6.45582
52	16.21	6.35342
53	16.02	5.98495
54	16.54	6.4891
55	16.5	6.42417
56	16.41	6.56825
57	16.71	6.07338
58	16.88	6.27261
59	17.2	6.44205
60	17.33	6.77651
61	16.73	6.67511
62	16.81	6.62827
63	16.31	6.12649
64	16.14	6.39221
65	17.16	6.64789
66	17.32	6.23198
67	17.55	6.45968
68	17.18	5.93528
69	16.97	6.09993
70	16.75	6.15203
71	16.41	6.15808
72	16.28	5.4956
73	15.97	6.17326
74	16.11	6.17397
75	15.9	5.59732
76	15.94	6.31319
77	16.12	6.47345
78	15.99	6.44592
79	15.57	6.34075
80	14.47	5.17968
81	14.49	5.33009
82	15.11	5.45141
83	15.31	5.55283
84	15.81	5.80292
85	16.2	5.93801
86	16.09	6.20338
87	16.1	6.08687
88	16.41	5.93649
89	16.46	5.95889
90	16.51	6.118
91	16.74	5.94747
92	16.97	6.4381
93	16.96	6.18534
94	16.12	5.43743
95	16.76	5.93316
96	16.85	5.7208
97	16.59	5.56793
98	17.2	5.76021
99	17.3	5.84209
100	17.03	6.07199
101	16.84	6.31462
102	17.45	6.1796
103	17	6.04979
104	16.55	6.32989
105	17.02	6.30711
106	17.27	6.45113
107	17.34	6.56082
108	17.5	7.10845
109	17.16	6.64939
110	17.04	6.76745
111	17.27	6.48977
112	16.81	6.27327
113	16.5	6.18789
114	16.2	6.10574
115	15.91	5.87553
116	15.83	5.68516
117	15.45	5.67693
118	15	5.90254
119	15.02	5.52264
120	15.49	5.54886
121	15.79	5.81428
122	15.74	5.68792
123	15.63	5.4197
124	15.61	5.27047
125	15.93	5.57719
126	16.13	6.04592
127	16.47	5.95391
128	16.22	6.02425
129	16.17	6.08121
130	16.56	6.28541
131	16.82	6.37241
132	16.47	5.74187
133	16.03	5.75926
134	16.45	5.70153
135	16.59	5.92131
136	15.84	6.17369
137	15.97	6.43965
138	16.19	6.40889
139	16.34	6.24054
140	16.16	6.18986
141	16.04	6.12849
142	16.06	5.94444
143	16.28	5.96838
144	16.5	6.0803
145	15.98	5.93798
146	16.58	6.02027
147	16.77	6.15444
148	16.85	6.52284
149	16.66	5.81416
150	16.39	6.31014
151	16.27	6.52358
152	15.66	6.17935
153	15.69	6.05259
154	16.22	6.19932
155	16.25	6.36298
156	16.56	6.49049
157	16.6	6.79117
158	16.48	6.64753
159	17.29	6.71609
160	16.9	6.55515
161	16.74	6.51862
162	16.37	6.57975
163	16.42	6.76784
164	15.7	6.12454
165	16.57	6.48113
166	16	6.13514
167	16.19	6.24131
168	15.9	5.97411
169	15.21	5.65384
170	15.33	5.87547
171	15.19	5.87485
172	15.42	5.78304
173	16.09	5.82082
174	16.22	5.93731
175	15.74	5.74738
176	15.17	5.89076
177	15.37	5.87649
178	15.31	5.81841
179	14.93	5.32777
180	14.94	5.30626
181	15.51	5.583
182	15.34	5.50676
183	15.63	5.19934
184	15.01	4.86517
185	14.9	4.84665
186	15.08	4.65549
187	15.43	5.05026
188	15.78	5.38067
189	15.71	5.61123
190	15.63	5.29085
191	16.05	5.32236
192	15.97	4.97887
193	16.31	5.09646
194	16.56	5.14261
195	16.9	5.43783
196	17.4	5.64978
197	16.96	6.3858
198	16.54	6.37247
199	16.3	6.81396
200	17.1	6.87386
201	17.26	6.54617
202	16.93	6.49962
203	17.39	6.74373
204	17.18	6.51979
205	16.89	6.81454
206	15.92	6.35874
207	15.36	5.86774
208	15.46	5.94545
209	14.89	5.70069
210	15.29	5.66268
211	15.77	5.78421
212	16.25	6.2006
213	15.89	6.25603
214	16.01	6.34113
215	16.27	6.31166
216	15.75	5.32987
217	16	5.34977
218	16.33	5.4112
219	16.32	5.60157
220	16.6	5.81722
221	16.26	5.50567
222	16.42	5.61637
223	16.29	5.34845
224	15.92	5.61548
225	15.97	5.25444
226	16.21	5.03844
227	15.84	5.36977
228	15.71	5.30527
229	16.1	5.48179
230	16.26	5.71248
231	16.28	5.88741
232	16.15	5.84872
233	16.18	6.0289
234	16.38	5.95446
235	16.11	6.16262
236	16.24	6.16947
237	16.31	6.03108
238	16.46	6.07194
239	16.88	6.13397
240	17.04	6.34495
241	16.9	6.73721
242	16.47	6.74011
243	16.57	6.70113
244	17.01	6.46606
245	16.54	6.69241
246	15.73	6.6013
247	16.13	6.59948
248	16.57	6.85311
249	17.15	6.90127
250	17.03	7.04195
251	16.89	6.4092
252	16.59	6.1353
253	16.64	6.34905
254	16.1	6.37574
255	16.77	6.43872
256	16.92	6.29711
257	17.37	6.43685
258	17.02	5.79997
259	16.14	6.0017
260	15.52	5.94892
261	15.55	5.72254
262	15.27	5.82899
263	14.78	5.5921
264	14.94	5.6264
265	15.56	5.60593
266	15.5	5.28299
267	15.78	5.6242
268	16.32	5.51703
269	16.42	5.79514
270	16.16	5.78916
271	16.17	5.60188
272	15.6	6.15792
273	15.34	5.60753
274	15.6	5.18266
275	15.78	5.22031
276	15.16	5.32488
277	14.72	4.92967
278	14.8	5.1049
279	15.36	5.0369
280	15.49	5.31318
281	15.24	5.29928
282	15.38	5.23026
283	15.24	4.90127
284	15.27	5.23422
285	15.59	5.29924
286	15.42	5.53567
287	15.83	5.65695
288	16.03	5.74709
289	16.01	5.62582
290	15.79	5.70139
291	15.53	5.25253
292	15.73	5.1553
293	16.06	5.41077
294	16.34	5.5843
295	16.06	5.9107
296	15.68	5.78425
297	16.06	6.00969
298	15.89	5.81875
299	16	5.57494
300	16.65	5.3654
301	16.32	5.71993
302	16.12	5.7884
303	15.82	5.59711
304	15.82	5.88962
305	16.06	5.83236
306	15.42	5.63415
307	15.32	5.7808
308	15.24	5.4224
309	14.97	5.36927
310	15.44	5.52326
311	15.45	5.44495
312	15.9	5.3376
313	15.8	5.39815
314	15.33	4.91336
315	15.7	4.92646
316	15.52	4.98494
317	16.23	4.94945
318	15.81	5.2663
319	16.08	5.48941
320	16.16	5.40873
321	16.31	5.2625
322	16.98	5.45707
323	16.97	6.03897
324	17.34	6.1599
325	17.08	6.03603
326	16.57	5.96365
327	17	6.04649
328	16.89	6.38576
329	17.16	6.34936
330	17.05	6.05867
331	17.11	6.02311
332	16.65	5.7972
333	16.89	6.01148
334	17.16	6.29241
335	16.94	6.04123
336	16.85	6.21832
337	17.1	6.16847
338	17.25	6.34882
339	16.89	6.33229
340	17.13	6.36499
341	16.84	6.23012
342	16.25	6.26319
343	16.34	6.27092
344	16.24	6.48093
345	16.59	6.49322
346	16.65	6.70429
347	16.95	6.71472
348	16.82	6.78142
349	16.96	6.83655
350	17.1	6.89565
351	16.91	6.86017
352	16.75	7.12794
353	16.86	7.0257
354	16.78	6.99225
355	15.64	6.60987
356	15.38	6.05769
357	15.42	5.60568
358	15.01	4.80103
359	15.26	4.82207
360	15.34	4.92183
361	14.96	4.95968
362	15.77	4.92921
363	15.99	5.1701
364	15.85	4.86698
365	16.06	5.16686
366	15.93	4.83788
367	16.4	5.05371
368	16.29	5.16003
369	16.33	5.42597
370	16.59	5.19248
371	16.78	5.57957
372	16.7	5.73149
373	16.45	5.75912
374	16.12	5.52681
375	16.5	5.71752
376	16.3	6.14248
377	16.58	5.99697
378	16.59	6.2066
379	16.66	6.24535
380	16.71	6.32028
381	16.02	6.48534
382	15.78	6.47392
383	15.79	6.30285
384	15.65	6.40527
385	15.78	6.25712
386	15.76	5.77775
387	16.05	5.82301
388	16.29	6.1144
389	16.37	6.05583
390	16.38	5.92753
391	15.84	5.42719
392	16.27	5.56031
393	16.72	5.61975
394	16.78	6.00596
395	16.55	6.22154
396	16.1	5.83352
397	16.14	5.92456
398	16.26	5.82172
399	16.49	5.94558
400	16.36	5.94394
401	16.32	6.24961
402	16.62	6.33527
403	16.92	6.16065
404	16.95	6.2855
405	17.38	6.41058
406	17.49	6.51229
407	17.32	6.75556
408	16.53	6.45206
409	16.44	6.55488
410	16.55	6.45813
411	15.56	6.09478
412	16.21	6.17624
413	16.21	6.33766
414	16.46	6.30463
415	16.3	6.59166
416	16.19	6.83329
417	16.65	6.60814
418	16.92	6.66135
419	16.68	6.6391
420	16.93	6.62307
421	16.99	6.56124
422	16.51	6.21851
423	15.59	5.82082
424	15.77	6.21587
425	16.37	6.41819
426	16.01	6.19919
427	16.49	6.56124
428	15.93	5.39121
429	16.38	5.58888
430	16.18	5.77647
431	16.04	5.89223
432	16.22	5.82852
433	16.55	6.05537
434	16.6	6.41561
435	16.48	5.72098
436	16.47	5.74361
437	16.59	5.75343
438	16.71	5.9486
439	16.06	6.04784
440	15.96	6.11052
441	16.27	5.80147
442	16.3	5.70175
443	16.03	5.68411
444	16.46	6.01402
445	16.81	6.02776
446	17.07	5.98206
447	16.82	5.9923
448	16.7	5.84209
449	16.41	6.07305
450	16.37	6.38225
451	16.84	6.66291
452	17.14	6.60911
453	16.84	6.48648
454	17.31	6.76712
455	17.4	6.33246
456	16.63	6.00442
457	16.46	6.10151
458	15.35	6.02557
459	15.42	6.10767
460	15.94	6.15601
461	15.6	6.18061
462	15.18	6.10472
463	15.7	6.3
464	15.9	6.20725
465	15.77	6.25916
466	16.25	6.04545
467	16.22	6.27149
468	15.42	5.51938
469	15.82	5.6274
470	16.06	5.66007
471	16.15	5.74696
472	16.22	5.64904
473	16.23	5.35323
474	16.38	5.58351
475	16.7	5.79569
476	17.02	6.01329
477	16.93	6.42535
478	16.8	6.253
479	17.07	6.3218
480	17.15	6.42086
481	17.06	6.1038
482	17.13	6.18491
483	17.02	6.38902
484	16.82	6.12271
485	16.52	6.43192
486	16.83	6.57732
487	17.12	6.73243
488	16.39	6.6976
489	16.43	6.60644
490	16.9	6.81249
491	17.1	6.66708
492	16.9	6.98928
493	16.98	7.24152
494	16.25	6.94028
495	15.83	6.73655
496	15.7	6.86513
497	16.18	6.97192
498	16.37	7.29473
499	15.64	6.99503
500	15.41	6.51628
501	15.11	6.28474
502	15.14	5.94646
503	15.45	5.38215
504	15.65	5.61137
505	16.21	5.77113
506	16.03	5.51626
507	15.85	6.12923
508	16.29	6.32186
509	16.32	6.21913
510	16.44	6.39268
511	16.96	6.45278
512	17.63	6.5156
513	17.42	6.74415
514	16.74	6.76257
515	16.3	6.66858
516	16.02	6.59997
517	16.51	6.54598
518	16.88	6.58829
519	16.77	6.48052
520	16.48	6.17492
521	16.66	6.02033
522	17.12	6.075
523	17.22	6.23952
524	16.73	5.88193
525	16.51	6.06382
526	16.45	6.38181
527	16.09	6.42199
528	15.96	6.57559
529	16.12	6.38323
530	16.16	6.50956
531	15.91	6.16457
532	15.96	6.08756
533	15.95	6.1227
534	15.96	6.33233
535	15.8	5.84123
536	15.82	6.00063
537	16.18	6.15041
538	16.58	6.13055
539	16.95	6.45813
540	16.73	6.32907
541	16.3	5.87792
542	16	5.93801
543	15.77	6.2799
544	15.59	6.62434
545	15.38	5.58888
546	15.04	5.70074
547	15.2	5.53353
548	15.32	5.46238
549	16.05	5.52879
550	16.04	5.88034
551	16.25	5.85897
552	16.39	5.99649
553	15.74	6.10675
554	15.93	6.09632
555	16.21	6.16165
556	16.53	6.28563
557	16.21	6.28537
558	16.65	6.51671
559	16.34	6.62906
560	16	6.47148
561	16.4	6.56506
562	16.57	6.85019
563	17.15	6.7932
564	16.95	6.71323
565	16.75	6.68786
566	15.83	6.3609
567	16.48	6.34268
568	16.18	6.44264
569	16.54	6.62181
570	16.52	6.62341
571	16.37	7.00379
572	16.71	6.32818
573	17.02	6.46371
574	17.1	6.47688
575	16.16	6.24775
576	16.19	6.13302
577	16.18	5.9973
578	16.03	6.16028
579	16.32	6.1561
580	16.33	6.01341
581	15.48	5.09211
582	15.92	5.11015
583	16.05	4.80078
584	16.38	5.27784
585	16.45	5.44495
586	16.15	5.47608
587	15.51	4.93051
588	15.03	5.2239
589	15.29	5.00259
590	15.69	4.56223
591	15.78	4.77405
592	15.84	5.15504
593	16.05	5.34673
594	16.47	5.5235
595	16.11	5.69543
596	16.42	5.69242
597	16.26	5.8645
598	16.23	5.72338
599	16.89	5.8769
600	16.34	5.90122
601	16.44	6.25351
602	15.7	5.86089
603	15.5	5.57584
604	15.5	5.67362
605	16.09	5.84995
606	16.27	5.7721
607	16.32	5.86836
608	15.99	6.04234
609	16.17	6.23868
610	16.31	6.46327
611	16.49	6.31585
612	16.27	6.07594
613	16.23	6.55722
614	15.48	5.67006
615	15.49	5.68418
616	15.61	5.67608
617	15.44	5.45036
618	16.05	5.65575
619	16.24	5.64999
620	16.11	5.36077
621	16.16	5.36977
622	16.18	5.47792
623	16.22	5.91537
624	16.61	5.91928
625	16.03	5.54338
626	15.89	5.42751
627	15.75	5.37657
628	16.04	5.63546
629	15.5	5.65066
630	16.02	5.77751
631	16.05	5.90826
632	16.37	5.95593
633	16.11	5.5098
634	16.31	5.75621
635	16.33	5.58758
636	16.43	5.65377
637	16.26	5.40855
638	16.57	5.40972
639	17.04	5.55323
640	16.88	5.71713
641	16.79	5.71891
642	16.7	6.08358
643	16.71	6.00549
644	16.66	6.29479
645	17.1	6.10164
646	16.82	6.02226
647	16.83	6.24509
648	16.2	6.20484
649	16.25	5.7972
650	15.98	5.22873
651	15.56	5.64503
652	15.2	5.88897
653	14.97	5.44877
654	14.79	5.03447
655	15.22	5.03901
656	15.21	5.22933
657	15.16	5.47854
658	15.29	5.39499
659	15.84	5.72664
660	15.97	5.64881
661	16.06	5.75642
662	15.61	5.59266
663	15.72	5.57329
664	15.88	5.65735
665	15.58	5.74139
666	15.57	5.38935
667	16.12	5.39681
668	15.82	5.60425
669	16.19	5.56722
670	16.24	5.50294
671	16.07	5.29009
672	15.59	4.91954
673	15.72	5.07165
674	15.72	5.32556
675	15.69	5.28904
676	15.18	5.58638
677	15.73	5.6672
678	16.02	5.95648
679	15.89	6.23842
680	15.5	6.31427
681	15.56	6.45805
682	15.92	6.76857
683	16.23	6.24316
684	16.34	6.24695
685	15.77	6.44648
686	15.83	6.11401
687	15.27	5.87002
688	15.45	5.90826
689	15.72	5.68697
690	15.88	5.84513
691	15.7	5.866
692	15.17	5.5264
693	15.65	5.44311
694	15.31	5.29282
695	15.59	5.16545
696	15.63	5.35099
697	16.35	5.66282
698	16.47	5.81284
699	16.36	5.32639
700	16.67	5.67989
701	16.22	5.80961
702	16.32	6.01977
703	16.31	5.91894
704	16.03	5.58472
705	16.03	5.63818
706	15.71	5.31657
707	16.4	5.781
708	16.81	5.93076
709	17.03	5.8591
710	16.89	6.07272
711	16.6	6.01664
712	15.75	5.78165
713	16.19	6.28123
714	15.85	6.02391
715	15.77	5.82384
716	15.8	6.00833
717	15.72	5.87381
718	15.44	5.6468
719	15.74	5.64734
720	16.07	5.81422
721	16.7	5.6648
722	17.15	5.84359
723	17.35	6.11126
724	17.65	6.21832
725	17.5	6.57343
726	17.29	6.82978
727	17.68	6.8057
728	16.88	6.54871
729	16.77	6.22391
730	16.31	5.85951
731	15.89	6.10884
732	16.27	6.36216
733	16.25	6.05041
734	16.34	6.18582
735	16.24	6.41267
736	15.99	6.50153
737	16.52	6.40231
738	16.34	6.46254
739	16.59	6.64093
740	16.79	6.9026
741	16.23	6.3543
742	15.59	6.59711
743	15.67	6.66492
744	15.65	6.37711
745	15.6	6.57419
746	16.12	6.68473
747	15.9	6.35216
748	15.93	6.47032
749	15.52	6.19109
750	15.22	5.6242
751	15.33	5.7464
752	15.17	5.89585
753	15.24	5.02617
754	15.67	5.10892
755	15.44	4.99864
756	15.74	5.10416
757	15.87	5.1101
758	16.15	5.05247
759	16.04	5.21137
760	16.13	5.19741
761	16.19	5.54742
762	16.12	5.56108
763	16.3	5.86771
764	16.32	5.6831
765	16.04	5.58913
766	15.51	5.34134
767	15.49	5.46899
768	16	5.54797
769	16.01	5.2792
770	16.05	5.14466
771	16.34	5.37814
772	16.59	5.33684
773	16.75	5.44862
774	16.69	5.52937
775	16.67	5.67989
776	16.69	5.51488
777	16.59	5.64641
778	16.8	6.01166
779	16.71	6.00382
780	16.66	6.09462
781	16.67	5.98173
782	16.55	6.08009
783	15.94	6.21421
784	15.55	5.76606
785	16.13	5.77175
786	16.41	6.08621
787	16.58	6.30584
788	16.51	6.57494
789	16.19	6.37447
790	15.9	6.05558
791	16.2	6.1041
792	15.7	6.21208
793	15.99	6.118
794	15.84	5.83219
795	16.55	6.00062
796	16.98	6.1057
797	16.5	6.36003
798	16.62	6.54795
799	16.33	6.15151
800	16.37	6.23804
801	16.7	6.40703
802	15.8	5.90424
803	15.4	5.44977
804	15.84	5.36045
805	16.2	5.57674
806	14.97	5.23728
807	15.3	5.28867
808	14.95	5.33362
809	15.24	5.6553
810	15.04	5.46794
811	15.47	5.59009
812	15.79	5.51597
813	15.64	5.41206
814	15.99	5.50907
815	15.91	5.74821
816	15.5	5.19711
817	15.57	4.95632
818	15.1	5.10588
819	14.82	5.16794
820	14.98	5.26304
821	15.51	5.43046
822	15.53	5.243
823	15.94	5.45128
824	15.93	5.50319
825	16.01	5.73148
826	16.44	5.84349
827	15.55	5.20072
828	15.38	5.35869
829	14.94	5.11824
830	14.97	5.18354
831	14.67	5.10305
832	14.55	5.1718
833	15.01	4.94671
834	14.8	5.03587
835	15.33	5.04193
836	15.27	5.18238
837	15.57	5.15219
838	15.82	5.13104
839	15.84	5.53845
840	15.75	5.50522
841	16.12	5.65381
842	15.93	5.8125
843	15.8	5.76368
844	16.15	5.91164
845	16.42	6.15334
846	16.48	5.75583
847	16.23	6.31325
848	16.13	6.36342
849	16.02	6.36393
850	15.82	6.02392
851	15.84	6.13469
852	16.23	6.13654
853	16.59	6.06316
854	16.94	6.13648
855	17.04	6.11379
856	17.03	6.39289
857	17.01	6.7461
858	16.2	6.78675
859	16.18	6.70877
860	16.45	6.29027
861	16.48	6.21205
862	16.75	6.21832
863	16.46	6.2808
864	16.43	6.00709
865	16.78	6.21221
866	16.06	5.32319
867	16	5.55878
868	16.56	5.65742
869	16.16	5.70214
870	16.09	5.92975
871	16.65	5.84359
872	16.39	5.63719
873	16.28	5.76035
874	16.17	5.75683
875	16.65	5.91333
876	16.54	5.97732
877	16.32	5.88197
878	16.4	6.179
879	16.18	6.01062
880	15.46	5.1854
881	15.46	5.02279
882	15.74	5.10416
883	16.23	5.08892
884	16.31	5.27009
885	16.15	5.19302
886	16.05	5.3542
887	16.12	5.40237
888	16.23	5.32514
889	16.2	5.6107
890	16.39	5.44223
891	16.46	5.67701
892	16.17	5.59116
893	15.35	5.95378
894	15.56	6.01884
895	15.65	6.00895
896	15.91	5.89592
897	16.16	6.03112
898	15.89	6.24643
899	16.1	6.50769
900	16.89	6.43567
901	17.05	6.59299
902	16.89	6.58771
903	17.81	6.56307
904	18.12	6.85169
905	18.05	7.01623
906	17.41	6.76328
907	16.85	6.18931
908	16.68	6.07434
909	16.61	6.21111
910	16.38	6.25904
911	15.92	6.14928
912	15.91	6.00349
913	15.92	6.14765
914	16.08	6.36031
915	15.91	5.91793
916	16.19	6.14116
917	15.94	6.05445
918	16.4	6.02827
919	16.28	5.91283
920	15.85	5.43024
921	15.7	5.7836
922	15.82	5.50705
923	16.1	5.21632
924	16.28	5.48102
925	16.53	5.67002
926	17.07	5.97035
927	16.87	6.09861
928	16.46	6.18291
929	17.04	6.27203
930	16.67	6.34674
931	16.73	6.38883
932	16.64	6.55823
933	16.6	6.58483
934	16.58	6.63804
935	16.09	6.48706
936	16.49	6.70745
937	16.21	6.2198
938	16.26	6.37435
939	15.75	6.31407
940	15.39	6.69013
941	15.27	6.12512
942	15.79	6.27741
943	14.94	5.59432
944	15.38	5.56018
945	15.84	5.94596
946	15.91	6.10425
947	15.99	5.94558
948	16.36	6.18954
949	16.11	5.52249
950	16.91	5.41866
951	17.4	5.49727
952	17.4	5.63205
953	17.43	5.86388
954	17.38	5.99797
955	16.82	6.15204
956	16.39	5.82391
957	16.08	5.80462
958	15.94	5.69178
959	15.97	5.8591
960	15.56	5.37647
961	15.63	5.18971
962	16.53	5.07436
963	15.4	5.11859
964	15.47	5.2124
965	15.88	5.60229
966	15.79	5.91996
967	15.9	5.78705
968	15.46	5.84708
969	15.11	5.91421
970	15.23	6.03466
971	16.08	6.01777
972	16.1	5.6205
973	16.14	5.77931
974	16.41	5.93986
975	16.13	6.08713
976	15.78	6.0722
977	15.24	5.70109
978	15.29	5.87077
979	15.09	5.70104
980	15.63	5.9155
981	16.07	5.6396
982	16.29	5.9838
983	16.28	5.80703
984	16.64	6.16201
985	16.1	6.23939
986	16.58	6.2019
987	16.85	6.45039
988	16.48	6.69848
989	16.77	6.60432
990	16.57	6.6802
991	16.66	6.80767
992	16.65	6.68637
993	17.17	6.94414
994	16.91	6.97151
995	17.23	7.18311
996	17.04	7.12309
997	16.53	7.08725
998	16.61	7.02125
999	16.92	7.194
1000	16.96	6.9956
1001	16.73	6.96829
1002	17.03	7.05472
1003	16.85	6.77993
1004	16.68	6.90779
1005	17.06	7.18863
1006	16.56	7.0375
1007	15.92	6.1509
1008	16.08	6.36817
1009	15.8	6.31823
1010	16	6.46838
1011	15.8	5.91946
1012	16.4	6.0531
1013	16.16	5.78398
1014	16.38	5.7633
1015	16.35	5.8964
1016	16.01	5.53624
1017	15.93	5.52676
1018	15.67	5.56247
1019	16.14	5.63564
1020	15.75	5.47791
1021	15.92	5.53115
1022	16.43	5.81937
1023	16.45	5.8213
1024	16.45	5.75912
1025	15.93	6.17455
1026	15.99	5.97912
1027	16.49	6.12127
1028	17.03	6.28881
1029	16.84	6.25095
1030	16.89	6.32123
1031	16.51	6.23297
1032	16.11	6.13823
1033	16.6	6.22415
1034	16.77	6.36059
1035	17.33	6.40321
1036	16.89	6.64364
1037	16.35	6.77403
1038	15.75	6.61419
1039	15.64	6.24903
1040	15.76	6.33422
1041	15.59	6.56673
1042	15.94	6.89031
1043	16.19	6.9191
1044	15.82	6.90707
1045	16.14	6.88915
1046	15.53	6.63846
1047	15.45	6.35669
1048	15.4	6.51613
1049	15.62	6.3589
1050	16.16	6.59048
1051	16.01	6.11146
1052	16.04	5.89563
1053	15.98	5.91774
1054	16.37	6.19137
1055	16.43	6.33759
1056	16.38	6.00463
1057	15.81	5.27009
1058	16.44	5.85546
1059	16.14	5.84982
1060	16.24	5.65707
1061	16.78	5.73512
1062	16.76	5.8363
1063	16.54	5.54693
1064	16.6	5.60179
1065	16.69	5.89355
1066	17.46	5.64167
1067	17.12	6.01046
1068	17.47	6.08515
1069	16.82	6.01229
1070	16.41	6.33103
1071	17.12	6.23262
1072	16.69	5.38274
1073	16.82	5.44129
1074	16.83	5.81559
1075	16.8	5.86345
1076	16.81	5.94087
1077	16.65	6.52284
1078	16.62	6.64346
1079	16.59	6.72472
1080	16.18	6.73852
1081	16.36	7.06048
1082	16.05	6.8562
1083	16.55	7.01766
1084	16.4	7.15681
1085	15.86	6.82352
1086	15.41	6.13856
1087	15.28	5.99346
1088	15.49	6.14247
1089	15.3	5.73672
1090	14.94	5.07705
1091	15.03	5.16808
1092	15.09	5.57332
1093	15.41	5.40573
1094	15.73	5.66366
1095	16.2	5.43875
1096	16.44	5.54855
1097	16.38	5.75635
1098	16.35	5.71205
1099	16.33	5.33302
1100	16.32	5.28939
1101	16.02	5.13221
1102	16.52	5.30562
1103	17.08	5.29845
1104	17.03	5.4744
1105	17.08	5.59764
1106	16.65	5.35234
1107	16.79	5.62369
1108	16.37	5.42891
1109	15.92	5.43816
1110	15.44	5.52869
1111	15.75	5.50341
1112	15.37	5.69149
1113	15.66	5.72577
1114	15.82	6.05868
1115	16	6.46993
1116	16.22	6.59482
1117	16.55	6.62778
1118	16.84	6.62981
1119	16.17	6.77208
1120	16.39	6.73483
1121	15.75	6.11126
1122	15.43	5.48134
1123	15.4	5.4037
1124	15.3	5.61338
1125	15.54	5.54693
1126	15.74	5.23377
1127	15.67	5.25748
1128	16.4	5.44794
1129	15.56	5.27128
1130	15.84	5.30042
1131	15.52	5.14486
1132	15.66	5.34457
1133	15.78	5.3881
1134	15.91	5.36115
1135	16.26	5.1684
1136	16.41	5.15576
1137	15.98	5.59639
1138	16.56	5.73467
1139	16.1	6.2458
1140	15.84	6.17369
1141	15.61	6.29904
1142	15.18	6.26319
1143	15.53	6.20235
1144	15.1	5.87452
1145	15.58	5.67658
1146	15.59	5.87894
1147	15.13	5.21086
1148	15.31	5.32296
1149	15.42	5.16368
1150	15.47	5.13314
1151	15.59	5.38534
1152	15.41	5.48287
1153	15.54	5.86246
1154	16.03	5.40269
1155	15.49	4.69147
1156	15.77	4.68371
1157	16.09	4.9378
1158	16.1	5.19134
1159	16.03	5.40454
1160	16.32	5.67782
1161	16.66	5.71178
1162	16.56	6.09314
1163	15.67	5.99676
1164	15.47	6.11793
1165	14.61	5.54598
1166	14.84	5.53303
1167	14.78	5.69839
1168	14.94	5.46959
1169	15.16	5.28151
1170	15.08	5.20515
1171	15.01	4.45083
1172	14.9	4.31161
1173	14.45	4.91401
1174	14.86	4.82083
1175	14.99	4.86517
1176	15.26	4.72995
1177	15.57	4.77756
1178	15.77	4.84325
1179	15.69	4.68977
1180	16.3	4.95883
1181	16.16	4.84091
1182	16.11	4.76633
1183	15.68	4.7684
1184	15.27	4.76415
1185	15.44	4.99864
1186	15.35	4.93229
1187	15.49	4.94671
1188	15.7	5.1817
1189	16.22	5.08248
1190	16.62	5.0927
1191	16.98	5.29146
1192	16.75	5.74347
1193	16.46	5.71213
1194	16.2	5.46992
1195	16.93	5.35211
1196	16.8	5.14587
1197	16.65	5.09779
1198	17.01	4.96487
1199	16.56	5.40984
1200	16.88	5.36336
1201	16.77	5.44216
1202	17.06	5.57103
1203	16.53	5.73839
1204	16.1	5.80948
1205	16.71	5.69086
1206	17.27	5.6672
1207	17.59	5.71856
1208	17.13	6.01441
1209	16.89	6.01481
1210	17.24	6.33896
1211	16.85	6.52131
1212	16.36	6.4661
1213	16.56	6.40987
1214	16.6	6.42339
1215	17.03	6.46909
1216	16.55	6.68637
1217	17.38	6.75097
1218	17.37	6.63725
1219	17.18	6.70877
1220	16.6	6.4792
1221	16.42	6.56381
1222	16.71	6.58983
1223	16.05	6.34882
1224	16.42	6.16633
1225	16.61	5.98648
1226	16.3	6.07042
1227	15.96	6.15617
1228	15.97	6.23451
1229	16.28	6.4932
1230	16.5	6.66108
1231	16.06	6.04453
1232	16.4	6.01332
1233	16.4	5.97495
1234	16.34	6.2932
1235	16.66	6.07161
1236	15.77	4.8618
1237	15.63	5.05699
1238	15.71	5.60766
1239	15.59	5.83626
1240	15.36	5.85068
1241	15.72	5.8704
1242	16.18	5.91165
1243	16.07	5.94181
1244	15.96	6.20148
1245	16.57	5.92158
1246	16.23	6.07759
1247	17.16	6.07901
1248	16.59	6.15645
1249	16.25	6.54733
1250	16.37	6.07232
1251	16.15	6.06527
1252	16.49	6.16359
1253	16.47	6.36468
1254	15.83	6.47311
1255	15.63	6.47403
1256	15.7	6.15386
1257	15.58	5.82268
1258	15.51	5.75759
1259	15.65	5.80409
1260	16.15	5.93191
1261	16.25	6.1227
1262	15.6	6.19032
1263	15.75	6.12107
1264	15.3	5.866
1265	15.32	6.27516
1266	16.16	6.52337
1267	15.98	6.21125
1268	16.25	6.51978
1269	15.3	6.0291
1270	15.63	5.99442
1271	15.57	6.12251
1272	15.69	6.09704
1273	15.71	6.40671
1274	16.62	6.59209
1275	16.31	6.49722
1276	16.5	6.53988
1277	16.28	5.76208
1278	15.66	5.97364
1279	15.5	5.52901
1280	15.69	5.85439
1281	16.43	6.03035
1282	16.16	6.10036
1283	16.28	5.85505
1284	16.08	6.02939
1285	16.3	6.19435
1286	16.45	6.48132
1287	16.97	6.76381
1288	16.98	6.60148
1289	16.52	6.54902
1290	16.88	6.77979
1291	16.68	6.27356
1292	16.39	6.43257
1293	16.69	6.51106
1294	16.46	6.40378
1295	16.61	6.46358
1296	16.06	6.07918
1297	16.34	6.24695
1298	15.71	5.69086
1299	15.97	5.83173
1300	16.06	6.00303
1301	16.32	6.0694
1302	16.26	5.73345
1303	15.99	5.6347
1304	15.33	5.59295
1305	15.16	4.97739
1306	15.48	5.34131
1307	15.2	5.28394
1308	15.02	5.29713
1309	15.06	5.50603
1310	15.37	5.37151
1311	15.85	5.3654
1312	16.45	5.10368
1313	16.5	5.1643
1314	16.35	5.23331
1315	16.72	5.45175
1316	15.72	5.3218
1317	16.04	5.37386
1318	15.65	4.90383
1319	15.64	4.77602
1320	15.56	5.12117
1321	15.34	5.45017
1322	15.32	5.29128
1323	15.63	5.493
1324	15.91	5.8414
1325	15.78	5.69839
1326	15.56	5.59164
1327	15.71	5.61835
1328	15.54	5.9957
1329	14.7	5.01896
1330	15.55	5.15049
1331	15.61	5.03963
1332	16.17	4.91539
1333	15.94	4.90881
1334	15.42	4.84392
1335	15.45	4.94444
1336	15.52	5.05862
1337	15.52	5.1778
1338	16.18	5.07618
1339	16.19	5.46387
1340	16.62	5.62633
1341	16.24	5.58412
1342	17.07	5.78836
1343	17.32	6.17556
1344	16.71	6.27582
1345	16.8	6.29285
1346	16.46	6.28557
1347	16.26	6.35235
1348	16.42	6.11585
1349	16.54	6.31889
1350	16.01	6.51229
1351	15.99	6.38826
1352	16.38	6.50043
1353	16.7	6.41794
1354	16.81	6.45088
1355	17.2	6.35767
1356	16.87	6.7641
1357	16.27	6.25437
1358	16	6.66783
1359	15.54	6.24087
1360	15.97	6.43188
1361	16.08	6.58586
1362	15.44	5.7971
1363	15.93	5.85364
1364	16.01	5.95398
1365	15.97	6.00242
1366	15.36	5.45806
1367	15.36	5.47452
1368	15.34	5.18309
1369	15.85	5.31107
1370	16.04	5.56942
1371	16.36	5.7123
1372	15.96	5.50258
1373	15.77	5.49519
1374	15.64	5.49276
1375	15.72	5.49378
1376	15.24	5.0579
1377	15.05	4.98272
1378	14.87	4.88806
1379	15.51	5.21056
1380	15.42	5.32199
1381	14.94	5.1319
1382	15.47	4.93651
1383	15.79	4.91181
1384	15.9	4.999
1385	15.63	5.24529
1386	15.98	5.21341
1387	15.45	5.38957
1388	15.25	5.00075
1389	15.36	5.03094
1390	15.13	4.80136
1391	15.55	4.83193
1392	15.91	4.90325
1393	15.96	5.00783
1394	16	5.11859
1395	16.28	5.17896
1396	16.33	5.39269
1397	16.26	5.43989
1398	16.53	5.54519
1399	16.13	5.182
1400	15.85	5.34673
1401	15.67	5.44253
1402	15.8	5.83438
1403	16.18	5.8981
1404	15.98	5.82749
1405	16	5.99166
1406	16.67	5.81387
1407	16.84	5.93417
1408	16.98	5.95983
1409	17.07	6.22937
1410	17.15	6.51057
1411	17.21	6.91129
1412	16.7	7.11548
1413	16.56	6.86778
1414	16.25	6.61872
1415	16.79	6.8881
1416	16.79	7.25023
1417	16.71	7.03888
1418	17.03	7.05472
1419	17.38	7.1257
1420	16.68	6.66165
1421	16.6	6.41093
1422	16.01	6.02245
1423	16.06	6.23028
1424	16.35	6.25839
1425	16.99	6.32692
1426	17.39	6.58467
1427	17.44	6.86632
1428	17.29	7.2461
1429	17.48	7.38983
1430	17.59	7.61458
1431	17.42	7.43529
1432	16.91	7.23753
1433	17.33	7.18061
1434	17.54	7.18946
1435	17.67	7.08104
1436	17.82	7.21717
1437	16.73	6.46197
1438	16.69	6.53712
1439	16.59	6.70089
1440	16.81	6.78188
1441	16.81	6.88723
1442	16.86	6.82645
1443	16.94	6.19002
1444	16.43	6.49039
1445	16.34	6.49033
1446	16.33	6.90805
1447	16.09	6.58801
1448	16.25	6.59451
1449	16	6.57115
1450	16.19	6.41981
1451	15.76	6.23397
1452	16.36	6.17174
1453	16.68	6.39825
1454	16.12	6.31392
1455	16.14	6.20003
1456	16.13	6.06738
1457	16.37	6.3587
1458	15.93	6.35807
1459	15.97	5.82315
1460	16.06	5.81003
1461	16.18	5.78857
1462	16.04	5.79296
1463	15.9	5.89152
1464	16.25	6.13739
1465	16.6	6.21932
1466	16.23	6.67811
1467	16.06	7.08071
1468	16.04	7.02128
1469	16.02	6.87602
1470	15.62	6.94663
1471	15.9	6.97496
1472	16.08	6.84643
1473	16.51	6.80954
1474	16.62	7.00968
1475	16.08	5.45285
1476	16.22	5.86273
1477	16.09	5.61978
1478	16.01	5.89151
1479	16.17	5.88907
1480	16.03	6.01574
1481	16.44	6.41766
1482	15.66	6.1599
1483	15.56	5.93687
1484	15.44	5.4283
1485	15.82	5.56845
1486	15.48	5.18166
1487	16.05	5.21033
1488	15.88	5.08582
1489	16.48	5.42859
1490	16.55	5.32048
1491	16.56	5.78674
1492	16.98	5.97491
1493	16.81	6.01614
1494	16.51	6.29999
1495	16.26	6.10184
1496	16.29	6.21175
1497	15.93	6.24701
1498	15.76	6.35157
1499	16.26	6.28907
1500	16.62	6.38714
1501	15.99	6.06547
1502	15.18	5.6416
1503	15.14	5.54981
1504	14.63	5.02525
1505	15.03	4.92027
1506	15.41	4.96406
1507	15.59	5.30678
1508	15.58	5.63947
1509	15.97	5.77487
1510	15.41	5.87043
1511	15.31	5.42714
1512	14.62	5.21494
1513	15.04	5.25722
1514	15.17	5.44436
1515	15.91	5.64818
1516	15.45	5.45596
1517	15.6	5.90762
1518	15.95	6.14878
1519	16.12	5.84171
1520	16.2	5.73934
1521	16.52	5.84719
1522	16.69	5.75621
1523	17.15	6.02225
1524	17	6.52227
1525	16.97	6.58856
1526	16.2	6.4
1527	16.16	6.41829
1528	15.91	6.2755
1529	15.99	6.35845
1530	15.36	5.62409
1531	15.87	6.02604
1532	16.5	6.17333
1533	15.67	5.35547
1534	15.69	5.17821
1535	15.83	5.31047
1536	16.29	5.00459
1537	16.25	5.42656
1538	15.98	5.69909
1539	16.37	5.85091
1540	15.58	5.34636
1541	15.79	5.77805
1542	16.05	5.68221
1543	15.78	5.54902
1544	15.79	5.81428
1545	15.56	5.86399
1546	15.65	5.82301
1547	15.4	5.74456
1548	15.78	5.36764
1549	15.94	5.36063
1550	15.9	5.55608
1551	16.41	5.40573
1552	16.43	5.47769
1553	16.7	4.90816
1554	17.12	4.99055
1555	17.04	5.30833
1556	16.53	5.67178
1557	16.69	5.69508
1558	16.33	5.87887
1559	16.09	5.77598
1560	15.83	5.78456
1561	16.02	5.37955
1562	16.29	5.62191
1563	15.98	5.76885
1564	15.99	5.21439
1565	16.21	5.00459
1566	15.59	4.74783
1567	15.3	4.8239
1568	15.4	4.76025
1569	15.31	4.98136
1570	15.45	5.25428
1571	15.17	5.44987
1572	15.47	5.66472
1573	16.04	5.85648
1574	14.93	5.85193
1575	14.87	5.87308
1576	14.47	5.21432
1577	14.73	5.20933
1578	15.21	5.47046
1579	15.9	5.74369
1580	16.1	5.75413
1581	16.17	5.89755
1582	16.38	5.8869
1583	16.41	5.97343
1584	16.92	6.09373
1585	17.17	6.42504
1586	17.44	6.29177
1587	17.61	6.79985
1588	17.47	7.10979
1589	17.07	6.86186
1590	16.77	6.55722
1591	16.99	6.32692
1592	15.76	5.61092
1593	15.84	5.76319
1594	15.59	5.75343
1595	15.8	5.9127
1596	16.05	5.81786
1597	16.22	6.0689
1598	15.71	5.56829
1599	16.21	5.55751
1600	16.35	5.88621
1601	16.31	5.97276
1602	16.3	6.18304
1603	15.67	6.42037
1604	15.93	6.2582
1605	16.3	6.28888
1606	16.24	6.57894
1607	15.98	6.3655
1608	15.94	6.01967
1609	15.89	6.09901
1610	16.08	5.86631
1611	16.27	5.7721
1612	15.62	5.57993
1613	15.64	5.72804
1614	15.08	5.18976
1615	15.55	5.19687
1616	15.58	5.00636
1617	15.8	5.10882
1618	15.77	5.15336
1619	15.18	5.60425
1620	15.54	5.27147
1621	15.51	4.91425
1622	16.03	4.92434
1623	15.97	4.66145
1624	16	5.06754
1625	15.88	5.27689
1626	16.33	5.51553
1627	16.35	5.86067
1628	15.48	5.89827
1629	15.3	5.58659
1630	14.91	5.72205
1631	15.43	5.67848
1632	15.44	5.41354
1633	15.4	5.35164
1634	15.33	5.05975
1635	15.98	5.42214
1636	15.72	5.44808
1637	15.58	5.7501
1638	16.04	5.74442
1639	15.8	5.61961
1640	16.34	5.93333
1641	16.47	6.06705
1642	16.61	6.18691
1643	16.97	5.96566
1644	16.95	6.16827
1645	16.99	6.35216
1646	16.91	6.28505
1647	17.38	6.14293
1648	16.35	5.94201
1649	15.77	5.0117
1650	15.86	4.77288
1651	16.24	4.7183
1652	16.62	5.0927
1653	16.35	5.23522
1654	16.23	5.4495
1655	16.76	5.2538
1656	16.6	5.0774
1657	16.14	4.88266
1658	15.82	4.63978
1659	15.86	5.08728
1660	15.97	5.34314
1661	16.61	5.07719
1662	16.76	5.30871
1663	16.46	5.3337
1664	16.37	5.56175
1665	16.43	5.51771
1666	16.43	5.6396
1667	16.57	5.71184
1668	16.23	5.68657
1669	16.13	5.7457
1670	16.24	5.78467
1671	17.1	5.77321
1672	16.7	6.36318
1673	16.32	6.56792
1674	16.33	6.48854
1675	15.73	5.6619
1676	15.93	5.72408
1677	15.48	5.71048
1678	15.82	5.76607
1679	16.09	5.59302
1680	16.16	5.53303
1681	15.57	5.72583
1682	14.86	5.76024
1683	15.31	5.82528
1684	15.79	5.86395
1685	15.56	5.56475
1686	15.59	6.16619
1687	16.31	6.41669
1688	15.95	6.64737
1689	16.44	6.73843
1690	16.01	6.55056
1691	16.35	6.59905
1692	16.79	6.82978
1693	16.15	7.30804
1694	16.65	6.84744
1695	17.24	6.74703
1696	17.79	7.03746
1697	18.75	7.04894
1698	17.76	6.59412
1699	17.14	6.75429
1700	16.47	6.5245
1701	16.73	6.4728
1702	17.19	6.70328
1703	17.32	6.82624
1704	17.33	6.39852
1705	17.41	6.55301
1706	17.89	6.93382
1707	17.35	7.02335
1708	16.7	7.25328
1709	16.82	6.99626
1710	16.94	6.92939
1711	16.86	6.74095
1712	16.93	6.78271
1713	17.27	6.75108
1714	17.4	6.9728
1715	17.29	7.03604
1716	16.47	6.90428
1717	15.95	6.83575
1718	16.35	6.81524
1719	16.74	6.71807
1720	16.58	6.80467
1721	15.64	6.55671
1722	15.2	6.50999
1723	15.38	6.45102
1724	15.59	6.09442
1725	15.83	6.07463
1726	16.38	6.37304
1727	16.12	6.21977
1728	16.1	6.48614
1729	16.03	5.17389
1730	15.62	5.4033
1731	15.98	5.63024
1732	15.78	5.54361
1733	15.56	5.36343
1734	15.56	5.37461
1735	15.84	5.24732
1736	16.05	5.54143
1737	15.94	5.01562
1738	16.03	5.13898
1739	16.13	5.65801
1740	15.83	5.57145
1741	16.04	5.87524
1742	16.33	6.2162
1743	15.37	5.83893
1744	15.79	5.70665
1745	15.74	5.49112
1746	16.13	5.74918
1747	16.45	5.9739
1748	16.21	5.08585
1749	15.96	5.52616
1750	15.9	5.80775
1751	16.35	5.38772
1752	16.42	5.4976
1753	16.78	5.49287
1754	16.5	5.66127
1755	16.03	5.4744
1756	16.18	5.75913
1757	15.74	5.49658
1758	15.85	5.58279
1759	15.92	5.61192
1760	15.85	5.69803
1761	15.89	5.85644
1762	15.12	5.33906
1763	15.41	5.50835
1764	15.96	5.24198
1765	15.97	5.30557
1766	15.93	5.69255
1767	15.96	5.82223
1768	15.27	5.7963
1769	15.61	5.70771
1770	15.81	5.7021
1771	16.33	6.06144
1772	15.79	6.07667
1773	15.57	5.60046
1774	16.44	6.30447
1775	16.63	6.16061
1776	16.54	6.09659
1777	15.42	5.69417
1778	15.02	5.55874
1779	15.01	5.84721
1780	15.31	5.95096
1781	15.06	5.86143
1782	15.79	6.06679
1783	15.88	5.93848
1784	16.03	5.72967
1785	16.06	5.84435
1786	16.09	5.49744
1787	15.9	5.16043
1788	16.35	5.32424
1789	16.13	5.64563
1790	16.13	5.97437
1791	16.19	6.18982
1792	16.71	6.21175
1793	16.67	6.47311
1794	16.6	6.31664
1795	16.37	6.50946
1796	16.34	6.72788
1797	16.76	6.60927
1798	16.2	6.56201
1799	16.04	6.4186
1800	16.38	6.63895
1801	15.95	6.47051
1802	15.84	6.43385
1803	15.7	6.61891
1804	15.76	6.5393
1805	15.76	6.47784
1806	16.04	6.69017
1807	15.84	6.24615
1808	15.95	6.04876
1809	16.19	6.27805
1810	16.11	6.36537
1811	16.15	6.4302
1812	16.75	6.36455
1813	16.11	5.46424
1814	16.08	5.27196
1815	16.36	5.37126
1816	16.52	5.60264
1817	16.49	5.00499
1818	16.39	5.22282
1819	15.9	5.06458
1820	15.88	5.11328
1821	15.84	5.03134
1822	15.82	5.16794
1823	16.2	5.20961
1824	16.11	5.64605
1825	16.37	5.65271
1826	15.53	5.54519
1827	14.98	5.40552
1828	15.06	5.30249
1829	15.56	5.80228
1830	15.68	5.71118
1831	16.19	5.27199
1832	16.29	5.21017
1833	16.22	5.50015
1834	16.53	5.31499
1835	16.65	5.58279
1836	16.77	5.5441
1837	16.74	5.42701
1838	16.83	5.60545
1839	16.68	5.40718
1840	16.85	5.69627
1841	17.09	5.82425
1842	16.61	6.23842
1843	16.22	5.91537
1844	15.86	5.8327
1845	16.37	5.85432
1846	17.15	6.00229
1847	17.08	6.11667
1848	16.9	6.35846
1849	16.87	6.59948
1850	16.32	6.87296
1851	16.47	7.50127
1852	16.59	7.21401
1853	16.69	7.40769
1854	16.5	7.12811
1855	16.47	7.06181
1856	16.34	6.45944
1857	16.88	6.74134
1858	16.5	6.77422
1859	16.3	6.53223
1860	16.27	6.39196
1861	16.16	6.33833
1862	15.96	5.63546
1863	15.72	5.47372
1864	15.7	5.52178
1865	15.92	5.4142
1866	15.4	5.18266
1867	15.9	4.6465
1868	15.91	4.73095
1869	15.48	4.94668
1870	15.71	5.18323
1871	15.67	5.10501
1872	15.76	5.07173
1873	15.36	4.89391
1874	14.74	4.61437
1875	15.21	4.49954
1876	15.31	4.58845
1877	15.44	4.78397
1878	15.35	4.96462
1879	15.85	4.7987
1880	16.34	4.63728
1881	16.96	4.95362
1882	16.34	5.42074
1883	16.36	5.16047
1884	16.25	5.38957
1885	16.88	5.38568
1886	16.38	5.76156
1887	16.44	5.83493
1888	17.12	5.96872
1889	17.16	6.20277
1890	15.99	6.28887
1891	16.33	6.62428
1892	16.16	6.66291
1893	16.18	6.34095
1894	16.2	6.37809
1895	16.59	6.53008
1896	16.51	6.49075
1897	16.63	6.38538
1898	16.56	6.61108
1899	16.55	6.71025
1900	16.64	6.7772
1901	16.8	6.76018
1902	17.6	6.94406
1903	17.12	6.33132
1904	17.11	6.44654
1905	16.4	5.24595
1906	16.37	5.73699
1907	16.89	5.73218
1908	16.79	5.76246
1909	16.6	5.91608
1910	16.99	6.08193
1911	16.48	5.55424
1912	16.31	5.55283
1913	16.05	5.90487
1914	15.82	5.96386
1915	15.72	6.07961
1916	15.31	6.04764
1917	14.72	5.95328
1918	15.27	6.12185
1919	15.39	6.15613
1920	15.17	5.96667
1921	15	6.13025
1922	15.36	6.13436
1923	15.18	5.77647
1924	15.65	5.78511
1925	15.71	5.35405
1926	15.29	5.24651
1927	14.45	5.28843
1928	15.4	5.38145
1929	16.09	5.4242
1930	16.29	5.47959
1931	16.15	5.62561
1932	16.28	5.90606
1933	16.04	5.77394
1934	16.12	5.81082
1935	15.69	6.10032
1936	15.63	5.62966
1937	16.02	5.63557
1938	16.24	5.80538
1939	16.41	5.85507
1940	16.29	5.85371
1941	15.7	5.92537
1942	15.88	5.82285
1943	16.02	5.87874
1944	15.5	5.33198
1945	15.77	5.67249
1946	15.93	5.66966
1947	15.91	5.70104
1948	16	5.60357
1949	14.8	5.1614
1950	14.78	5.3265
1951	14.79	5.20441
1952	15	5.1517
1953	14.83	5.33302
1954	15.45	5.4284
1955	15.62	5.68468
1956	16.11	5.50435
1957	16.38	5.57634
1958	16.35	5.73127
1959	16.69	5.84242
1960	16.34	6.09954
1961	16.6	6.28172
1962	17	6.46065
1963	17.34	6.40034
1964	17.03	6.33791
1965	16.83	6.40633
1966	16.99	6.59469
1967	17.65	6.53204
1968	17.09	6.27391
1969	16.97	6.60977
1970	16.14	6.00337
1971	16.25	5.83674
1972	16.53	5.89992
1973	16.11	5.8769
1974	16.53	6.04062
1975	16.53	6.2697
1976	17.12	6.21173
1977	17.07	6.36279
1978	16.96	6.49141
1979	17.51	6.23778
1980	17.74	6.37906
1981	18.3	6.70448
1982	18.58	6.88212
1983	18.05	7.34898
1984	18.08	7.4252
1985	17.4	7.45788
1986	16.94	7.66658
1987	16.63	7.57846
1988	16.39	7.5669
1989	16.87	7.65723
1990	16.89	7.65362
1991	16.08	7.14798
1992	15.82	6.69385
1993	15.86	6.68434
1994	16.26	6.96365
1995	16.66	6.97599
1996	16.69	7.04087
1997	16.74	6.98086
1998	16.52	7.42897
1999	16.16	7.344
2000	15.93	6.61401
2001	15.58	6.704
2002	16.2	6.67383
2003	15.96	6.31493
2004	15.92	6.36503
2005	16.27	5.71464
2006	16.5	6.12944
2007	16.61	6.24643
2008	16.87	6.10025
2009	17.05	6.05537
2010	16.69	6.0559
2011	16.22	6.36801
2012	16.13	6.72853
2013	16.33	6.62277
2014	15.7	5.9975
2015	15.77	6.08417
2016	15.81	6.23169
2017	15.29	6.10949
2018	15.57	5.47038
2019	15.93	5.50137
2020	16.02	5.39626
2021	15.76	5.36865
2022	15.93	5.39121
2023	16.33	5.47915
2024	16.07	5.56283
2025	16.23	5.73037
2026	16.38	5.8818
2027	16.13	6.11989
2028	15.58	5.91131
2029	15.89	5.95801
2030	16.12	6.16973
2031	16.39	6.89622
2032	16.6	7.14283
2033	16.44	7.12225
2034	16.65	7.09419
2035	17.13	6.99093
2036	16.99	6.95053
2037	16.88	6.71607
2038	16.67	6.74841
2039	16.61	6.85696
2040	17.27	7.15941
2041	16.98	7.36068
2042	17.18	6.6594
2043	17.04	6.3481
2044	17.27	6.42161
2045	15.91	6.6062
2046	16.24	6.83392
2047	16.78	6.98796
2048	16.83	6.71871
2049	16.67	6.7647
2050	16.02	6.52377
2051	15.88	6.12091
2052	15.61	6.20467
2053	15.89	6.09245
2054	16.07	6.0914
2055	16.22	6.19932
2056	16.05	6.11617
2057	16	6.1709
2058	16.2	6.2498
2059	16.39	6.38576
2060	16.15	6.13413
2061	16.14	6.15958
2062	15.89	6.07766
2063	16.65	6.11453
2064	16.98	6.37021
2065	17.33	5.96834
2066	17.08	6.27324
2067	17.74	6.39472
2068	18.05	6.39902
2069	18.14	6.54067
2070	17.74	6.8653
2071	17.55	6.56563
2072	17.34	6.73828
2073	17.24	6.99016
2074	17.73	6.97403
2075	17.43	7.31335
2076	17.74	7.39137
2077	17.44	7.32027
2078	16.2	7.26085
2079	15.99	7.01355
2080	16.18	6.85767
2081	16.18	7.05745
2082	15.96	7.29098
2083	15.83	6.86885
2084	16.04	6.9569
2085	15.98	6.81759
2086	15.81	7.19958
2087	16.24	7.3159
2088	16.02	7.16517
2089	16.23	7.35779
2090	16.32	7.63791
2091	16.2	7.33212
2092	16.33	7.1471
2093	16.6	7.13442
2094	16.3	6.99643
2095	16.75	7.16013
2096	16.59	7.10788
2097	16.91	7.02723
2098	17.18	7.23655
2099	16.46	6.41158
2100	16.31	5.96941
2101	16.68	5.97475
2102	16.6	6.26738
2103	16.56	6.66981
2104	16.75	6.82697
2105	17.33	6.74397
2106	17.53	6.71782
2107	16.94	6.23189
2108	16.56	6.46579
2109	16.34	6.3533
2110	16.24	6.42047
2111	16.47	6.57032
2112	15.95	6.51364
2113	16.21	6.47965
2114	16.18	6.16503
2115	16.16	6.5157
2116	16.24	5.67119
2117	16.27	5.93608
2118	16.34	6.12082
2119	16.16	6.04768
2120	16.09	6.12061
2121	15.51	5.37493
2122	15.52	5.58297
2123	15.74	5.73519
2124	16.06	5.96292
2125	15.87	6.24605
2126	16.25	6.41151
2127	16.62	6.37931
2128	16.12	6.51656
2129	16.34	6.56235
2130	16.54	6.33943
2131	15.51	5.7974
2132	15.3	6.02578
2133	16.07	5.97705
2134	16.16	5.97448
2135	16.19	6.16392
2136	16.2	6.04152
2137	16.67	5.60545
2138	16.41	6.13041
2139	16.19	6.13628
2140	15.66	5.96359
2141	15.84	6.03443
2142	15.43	5.86047
2143	14.83	5.43149
2144	15.06	5.64238
2145	15.8	6.13025
2146	15.75	5.94033
2147	15.76	6.11411
2148	15.6	6.21128
2149	15.07	5.92327
2150	15.29	5.98213
2151	15.85	6.09487
2152	15.96	5.87183
2153	15.94	5.88867
2154	16.57	5.98374
2155	16.74	6.24439
2156	16.48	6.40075
2157	16.74	6.40409
2158	16.33	6.41257
2159	16.33	6.43126
2160	16.28	6.30727
2161	16.15	6.36455
2162	16.04	6.20471
2163	16.15	6.0998
2164	16.71	6.10786
2165	16.92	6.25888
2166	16.85	5.87431
2167	16.94	6.32901
2168	17.18	6.46897
2169	16.9	6.58103
2170	17.09	6.87618
2171	16.18	6.44264
2172	16.24	6.51478
2173	16.2	6.3498
2174	15.77	5.9344
2175	15.59	5.86702
2176	15.86	6.08444
2177	16.01	6.13432
2178	15.92	6.25569
2179	15.79	6.14377
2180	16.07	6.2406
2181	15.92	5.73878
2182	16.35	6.02059
2183	16.3	5.97411
2184	15.64	5.81467
2185	16.01	6.18627
2186	16.35	6.42553
2187	16.21	6.48428
2188	16.22	6.6732
2189	16.05	6.67139
2190	16.77	6.83499
2191	16.97	6.36153
2192	16.93	6.21491
2193	16.54	6.18615
2194	16.65	6.10471
2195	16.68	5.93949
2196	16.37	6.08877
2197	16.16	5.83047
2198	16.58	6.13544
2199	16.19	6.20435
2200	16.65	6.29504
2201	16.72	6.24352
2202	16.73	6.182
2203	16.86	5.95822
2204	16.92	6.01112
2205	16.86	6.24343
2206	17.34	6.44239
2207	17	6.28808
2208	17.31	6.31774
2209	17.09	6.10589
2210	16.96	6.44813
2211	17.14	6.68434
2212	17.38	6.7879
2213	17.16	6.32095
2214	17	6.51153
2215	17.15	6.41775
2216	17	6.32614
2217	16.38	6.90185
2218	16.66	6.89524
2219	17.05	6.88241
2220	17.07	6.77238
2221	16.03	6.9202
2222	15.27	5.98975
2223	15.36	5.59378
2224	15.78	5.59746
2225	15.65	6.18284
2226	15.61	6.2095
2227	15.83	6.16126
2228	15.67	6.14338
2229	15.57	6.11924
2230	16.01	6.19111
2231	16.44	6.05858
2232	15.52	5.38791
2233	14.82	5.25429
2234	14.74	4.89208
2235	14.47	5.03677
2236	14.36	4.75714
2237	14.59	4.99619
2238	14.93	4.86057
2239	15.11	4.84127
2240	14.88	5.04635
2241	15	5.14393
2242	16.24	5.32376
2243	15.99	5.34321
2244	16.33	5.25558
2245	16.61	5.64959
2246	16.8	5.97997
2247	17.5	5.91861
2248	17.77	6.28626
2249	17.97	6.18459
2250	17.55	6.13086
2251	16.96	6.16915
2252	17.28	6.23391
2253	17.3	6.37887
2254	17.27	6.49439
2255	17.69	6.72115
2256	17.7	6.634
2257	17.56	6.69973
2258	17.12	6.32342
2259	17	6.87605
2260	16.3	7.02211
2261	16.68	7.14266
2262	17.09	6.94996
2263	17.03	7.0703
2264	16.22	7.15064
2265	16.1	7.04486
2266	16.33	7.09937
2267	16.01	7.28079
2268	15.42	6.56686
2269	15.53	6.3882
2270	15.44	6.67581
2271	15.5	6.45058
2272	15.82	6.41931
2273	16.05	6.42865
2274	15.75	6.52284
2275	15.67	6.41881
2276	16.24	6.45309
2277	15.43	6.14859
2278	15.55	6.03883
2279	15.83	5.98841
2280	16.07	6.11597
2281	15.87	5.91211
2282	15.41	5.83797
2283	15.95	5.85726
2284	15.61	5.75308
2285	15.59	6.00182
2286	15.8	6.15467
2287	16.47	6.20073
2288	16.66	6.47799
2289	16.72	6.66945
2290	17.1	6.68057
2291	16.44	5.70144
2292	15.95	5.84187
2293	16.05	5.62739
2294	16.27	5.94955
2295	16.44	5.95705
2296	16.35	5.47791
2297	16.53	5.51263
2298	16.07	5.6325
2299	16.34	5.63067
2300	16.73	5.66543
2301	16.41	6.20177
2302	16.58	6.19545
2303	15.7	6.1441
2304	16.13	6.00775
2305	15.69	5.35854
2306	16.09	5.14411
2307	16.07	5.37821
2308	16.57	5.64492
2309	16.53	5.64881
2310	16.45	5.4376
2311	16.71	5.39684
2312	16.21	5.80568
2313	16.24	5.89087
2314	16.54	6.28398
2315	16.31	6.40265
2316	16.74	6.38376
2317	15.8	6.21289
2318	15.72	6.03006
2319	16.13	6.02935
2320	16.33	5.82762
2321	16.56	5.88272
2322	16.23	5.87342
2323	16.37	5.65094
2324	16.27	5.68657
2325	16.25	5.75912
2326	15.71	5.68559
2327	15.42	5.81753
2328	15.73	5.88023
2329	15.02	5.51721
2330	15.05	5.36726
2331	14.95	5.12518
2332	14.97	4.92027
2333	14.85	4.84226
2334	14.49	4.95277
2335	14.66	4.82332
2336	14.78	4.46
2337	15.14	4.68619
2338	15.52	4.98293
2339	15.7	5.34509
2340	15.55	5.10955
2341	15.56	5.33164
2342	15.15	5.21033
2343	15.44	5.12508
2344	15.89	5.13205
2345	15.78	5.19534
2346	15.89	5.48068
2347	15.88	5.36708
2348	15.59	5.25756
2349	15.6	5.56597
2350	15.36	4.94271
2351	15.25	4.93837
2352	15.22	5.07066
2353	15.68	5.36261
2354	15.51	5.25261
2355	15.89	5.37754
2356	16.13	5.52387
2357	16.22	5.54541
2358	16.08	5.52391
2359	16.27	5.57289
2360	16.09	5.57691
2361	16.41	5.79671
2362	16.29	5.90643
2363	16.59	5.87383
2364	16.57	5.89789
2365	16.89	5.882
2366	17.03	5.74883
2367	16.26	5.7838
2368	16.64	5.92878
2369	17.01	6.05557
2370	17.36	5.73153
2371	17.19	5.82356
2372	16.57	5.8945
2373	16.42	5.85863
2374	16.09	5.30866
2375	16.79	5.36711
2376	16.38	5.53856
2377	16.19	5.49672
2378	16.2	5.99833
2379	16.69	5.78048
2380	16.97	5.15258
2381	17.1	5.35817
2382	17.51	5.49453
2383	16.8	6.04979
2384	16.34	5.95016
2385	16.28	5.8925
2386	16.17	5.88737
2387	16.16	5.88
2388	16.38	5.79962
2389	16.12	5.2977
2390	15.95	5.64336
2391	16.33	5.78974
2392	16.47	5.61864
2393	15.52	5.57401
2394	15.84	5.60307
2395	15.53	5.61686
2396	15.39	5.78601
2397	15.61	5.58909
2398	15.15	5.27139
2399	15.38	5.12597
2400	15.67	4.97404
2401	15.63	4.85315
2402	15.72	5.22892
2403	15.65	5.49614
2404	16.07	5.80733
2405	15.34	5.30701
2406	14.6	4.98197
2407	14.8	5.07346
2408	14.78	4.65098
2409	15.01	4.49109
2410	15.41	4.51242
2411	15.73	4.67302
2412	15.84	4.93704
2413	15.97	5.08027
2414	16.67	5.03797
2415	16.07	5.35398
2416	16.12	5.74157
2417	16.86	5.40004
2418	17.14	5.83442
2419	16.6	5.11468
2420	16.58	5.35197
2421	16.9	5.43047
2422	16.88	5.52319
2423	16.9	5.87622
2424	16.64	5.82498
2425	16.81	5.80464
2426	16.77	5.88703
2427	16.45	6.40527
2428	16.71	6.49968
2429	16.13	6.20106
2430	15.94	6.03791
2431	15.64	5.6312
2432	16.03	5.63108
2433	15.59	5.65702
2434	15.26	5.56169
2435	15.3	5.9203
2436	15.04	5.87013
2437	15.45	5.7678
2438	15.33	5.18855
2439	15.3	5.0309
2440	15.7	5.1817
2441	16.07	4.83168
2442	16.28	5.18282
2443	16.41	5.46094
2444	16.11	5.24003
2445	16.02	5.37583
2446	15.71	5.33722
2447	15.75	5.21991
2448	15.36	5.19138
2449	15.56	5.3597
2450	15.57	5.45757
2451	15.95	5.79892
2452	16.36	5.92709
2453	16.4	5.92284
2454	16.73	5.64066
2455	17.27	5.52604
2456	17.07	5.40602
2457	16.94	5.2131
2458	16.94	5.6689
2459	16.57	5.59867
2460	15.82	5.79203
2461	15.95	5.82301
2462	15.56	5.60236
2463	15.42	5.58781
2464	15.05	5.11542
2465	15.11	5.16119
2466	15.67	5.17505
2467	15.52	4.71271
2468	16.34	4.92183
2469	16.09	5.02015
2470	16.14	4.95988
2471	16.62	4.89036
2472	16.87	5.07672
2473	16.79	5.10352
2474	16.58	5.25962
2475	16.62	5.33813
2476	16.82	5.26
2477	16.44	5.49239
2478	16.46	5.54693
2479	16.33	5.81903
2480	15.9	5.45252
2481	15.99	5.63115
2482	15.73	5.81697
2483	15.49	5.51452
2484	15.91	5.20595
2485	16	5.25167
2486	15.75	5.79375
2487	15.97	6.18459
2488	14.6	5.44243
2489	14.72	5.36298
2490	15	5.57853
2491	15.24	5.56618
2492	15.73	5.72163
2493	16.12	5.83315
2494	15.65	5.78684
2495	15.63	5.65448
2496	15.83	5.64634
2497	15.9	5.73324
2498	15.86	5.6232
2499	15.81	5.55463
2500	16.23	5.70588
2501	15.83	5.39825
2502	16.01	5.55247
2503	16.66	5.27109
2504	17.01	5.44517
2505	16.75	5.70855
2506	16.48	6.00746
2507	16.58	6.04678
2508	16.36	5.80262
2509	16.33	5.7603
2510	16.8	6.13677
2511	16.15	6.29027
2512	16.47	6.11466
2513	16.55	6.3109
2514	16.5	6.2538
2515	16.89	6.161
2516	16.88	5.63077
2517	17.11	5.84105
2518	17.1	6.01082
2519	16.98	6.43891
2520	16.75	6.55191
2521	16.83	6.88049
2522	15.82	6.46279
2523	16.22	6.80379
2524	16.17	6.20654
2525	16.32	5.88027
2526	16.05	5.95042
2527	16.04	5.88374
2528	16.46	6.0851
2529	16.83	6.2162
2530	16.92	6.33037
2531	16.93	6.3439
2532	16.77	6.23034
2533	16.54	6.60821
2534	16.95	6.78878
2535	16.79	6.92285
2536	16.61	7.11884
2537	16.64	7.05056
2538	16.63	6.99236
2539	16.61	6.87298
2540	16.72	6.94994
2541	16.6	6.66483
2542	16.62	6.04116
2543	16.65	6.09816
2544	17.09	6.25635
2545	17.05	6.29345
2546	16.7	6.3111
2547	15.96	5.55323
2548	15.8	5.88218
2549	15.71	6.07173
2550	15.59	5.91793
2551	15.26	6.18
2552	15.37	6.60402
2553	15.39	6.09573
2554	15.34	6.24054
2555	15.47	5.79906
2556	15.31	5.91894
2557	15.37	6.02769
2558	15.66	5.96359
2559	15.43	6.01707
2560	15	4.70319
2561	15.4	4.69255
2562	15.42	4.62856
2563	14.99	4.48441
2564	14.83	4.63261
2565	14.97	4.85068
2566	15.1	5.29056
2567	15.33	5.38155
2568	15.47	5.30934
2569	15.47	5.18354
2570	16.06	5.30438
2571	16.25	5.55765
2572	16.61	6.043
2573	16.8	5.99833
2574	16.38	6.34631
2575	15.97	6.16515
2576	15.77	6.1739
2577	15.86	6.13192
2578	15.83	5.94988
2579	15.92	5.51122
2580	15.54	5.06047
2581	15.51	4.78852
2582	15.31	4.80977
2583	15.62	4.85547
2584	15.82	4.80704
2585	15.63	4.54677
2586	15.83	4.99611
2587	15.86	5.07744
2588	15.99	5.05271
2589	16.44	5.19677
2590	16.54	5.22766
2591	16.57	5.43186
2592	16.71	6.16002
2593	16.99	6.25859
2594	17.05	6.1227
2595	16.98	6.48688
2596	17.1	6.2426
2597	16.76	5.87387
2598	16.53	5.81284
2599	16.42	5.86205
2600	17.01	5.9741
2601	17.22	6.1686
2602	17.84	6.13143
2603	17.22	6.22508
2604	16.71	6.00382
2605	16.61	6.09901
2606	16.73	6.26714
2607	16.3	6.29047
2608	16.26	6.28271
2609	16.06	5.81863
2610	15.79	5.34845
2611	16.21	5.4668
2612	16.11	5.52611
2613	15.58	5.40958
2614	15.86	5.51184
2615	16.39	5.56218
2616	15.81	5.54923
2617	15.53	5.66649
2618	15.77	4.94339
2619	15.67	4.92759
2620	15.41	4.92157
2621	15.3	5.12933
2622	14.99	5.11174
2623	15.07	5.29765
2624	15.4	5.4
2625	15.76	5.56798
2626	16.04	5.65318
2627	15.7	5.6701
2628	15.87	5.76482
2629	16.06	5.90054
2630	16.07	6.12087
2631	16.79	6.15678
2632	16.55	6.07515
2633	16.46	5.72961
2634	16.53	5.90501
2635	16.56	6.08986
2636	16.16	5.77186
2637	16.16	5.73711
2638	16.01	5.63825
2639	16.14	5.872
2640	16.34	6.02033
2641	16.16	6.06254
2642	15.7	6.25859
2643	16.2	6.40625
2644	16.87	6.42753
2645	16.32	6.49751
2646	16.03	6.0257
2647	16.24	5.92642
2648	16.04	5.81536
2649	16.34	5.88765
2650	16.48	6.15708
2651	16.86	6.42343
2652	16.55	6.35983
2653	16.42	6.3909
2654	15.87	6.35556
2655	15.84	6.11182
2656	16.12	6.37853
2657	16.7	6.56887
2658	16.15	6.16664
2659	15.82	6.31725
2660	16.35	6.34094
2661	16.44	6.10953
2662	16.45	6.31724
2663	16.08	6.52178
2664	15.43	6.17779
2665	15.61	6.15937
2666	16.28	6.20497
2667	15.88	6.11928
2668	15.51	6.06052
2669	15.78	5.9255
2670	15.68	5.97475
2671	15.91	5.88574
2672	15.67	6.20493
2673	15.53	6.12936
2674	15.76	6.01684
2675	15.9	5.9975
2676	15.36	5.4727
2677	14.96	5.32901
2678	14.78	5.17799
2679	14.92	5.66689
2680	15.18	5.46147
2681	14.66	5.74843
2682	14.85	5.37843
2683	14.95	5.31484
2684	14.84	5.29475
2685	15.13	5.10618
2686	15.17	4.89501
2687	15.25	4.86287
2688	15.93	4.80261
2689	15.78	4.96705
2690	15.67	4.78551
2691	15.56	4.73565
2692	15.88	4.72923
2693	16.23	4.77044
2694	16.22	5.06869
2695	16.4	5.19615
2696	16.91	5.64286
2697	16.55	5.31296
2698	16.11	5.29886
2699	16.28	5.59657
2700	16.31	5.35667
2701	16.53	5.36555
2702	16.32	5.60157
2703	16.4	5.41479
2704	16.18	5.34861
2705	16.29	5.4668
2706	16.79	5.51053
2707	16.72	5.79151
2708	16.95	5.93359
2709	16.95	6.01228
2710	16.85	6.42242
2711	17.11	6.57859
2712	17.01	6.77716
2713	16.64	6.9174
2714	16.2	6.22575
2715	16.22	6.22829
2716	16.66	6.35802
2717	16.21	6.63068
2718	15.97	5.94383
2719	16.32	5.96134
2720	15.94	5.44944
2721	16.39	5.91759
2722	16.3	5.38609
2723	16.18	5.89301
2724	16.19	5.90033
2725	16.04	5.93282
2726	16.57	5.98374
2727	16.79	6.22141
2728	16.67	6.09927
2729	16.85	6.16015
2730	16.72	6.02674
2731	16.55	5.88451
2732	16.38	6.22861
2733	15.94	5.72856
2734	16.26	5.88493
2735	16.42	5.75183
2736	16.68	5.49341
2737	16.55	5.58458
2738	16.71	5.36898
2739	16.08	5.45469
2740	16.18	5.55766
2741	16.12	5.82972
2742	16.11	5.87179
2743	16.33	6.14663
2744	15.81	5.52394
2745	16.4	5.65509
2746	17.23	5.6051
2747	16.66	5.54837
2748	17.17	5.6922
2749	16.55	6.1325
2750	16.33	6.20493
2751	16.08	6.01112
2752	16.07	6.15184
2753	15.62	6.52806
2754	15.85	6.10799
2755	15.88	6.00879
2756	16.17	5.32364
2757	16.31	5.43267
2758	16.18	5.42841
2759	16.33	5.52278
2760	15.9	5.46717
2761	15.76	5.50113
2762	15.44	5.74164
2763	15.73	5.91245
2764	15.83	5.92293
2765	15.85	6.05041
2766	15.82	6.18608
2767	16.26	6.56296
2768	15.52	6.3898
2769	15.66	5.93333
2770	15.97	6.0588
2771	15.99	5.68242
2772	16.02	5.81202
2773	16.4	5.97327
2774	16.14	5.70968
2775	15.87	5.67918
2776	15.78	5.71241
2777	15.87	5.86286
2778	15.52	5.49451
2779	15.82	5.54144
2780	15.94	5.81003
2781	16.28	5.69575
2782	16.59	5.90948
2783	16.73	6.03134
2784	16.41	6.07963
2785	16.6	6.18061
2786	16.6	6.36396
2787	15.88	6.26782
2788	16.01	6.27136
2789	16.14	6.1612
2790	16.45	6.40215
2791	16.88	6.3155
2792	16.79	6.10622
2793	16.14	6.24823
2794	16.09	6.51321
2795	15.86	6.38595
2796	16.48	6.35056
2797	16.56	6.26948
2798	16.39	5.42567
2799	16.39	5.35704
2800	16.01	5.35443
2801	16.08	5.4179
2802	16.04	5.21329
2803	15.22	4.80953
2804	15.3	4.88569
2805	15.84	4.99143
2806	15.34	5.18309
2807	15.01	4.72545
2808	15.27	4.82256
2809	15.43	4.91987
2810	15.88	5.0602
2811	16.24	5.29362
2812	15.81	5.52575
2813	15.35	5.39143
2814	15.31	5.34171
2815	15.65	5.46877
2816	15.55	5.68573
2817	16.14	5.77585
2818	15.95	5.93022
2819	15.95	5.93359
2820	15.89	6.09245
2821	15.85	5.62205
2822	16.08	5.65452
2823	15.75	5.3654
2824	16.14	5.67278
2825	16.06	5.88697
2826	15.97	5.8094
2827	15.56	5.69091
2828	15.13	5.85261
2829	15.13	5.87649
2830	14.69	5.42899
2831	14.96	4.88246
2832	14.71	4.60064
2833	14.97	4.76331
2834	15.19	4.98537
2835	15.11	4.84953
2836	15.2	5.18266
2837	15.49	4.90815
2838	15.52	5.44514
2839	16.29	5.88268
2840	15.71	6.12584
2841	15.95	6.0768
2842	14.98	5.76364
2843	14.82	5.581
2844	15.16	5.63865
2845	15.72	5.84479
2846	15.24	5.61092
2847	15.9	5.57763
2848	16.29	5.53949
2849	16.34	5.80899
2850	16.11	5.92604
2851	16.65	5.94538
2852	16.1	5.24118
2853	16.06	5.46776
2854	15.91	5.55355
2855	16.23	5.68305
2856	16.38	5.73024
2857	16.34	5.97197
2858	16.42	5.58423
2859	16.68	5.63184
2860	16.69	5.73009
2861	16.8	5.86174
2862	16.7	5.94222
2863	16.46	5.66643
2864	16.34	5.58967
2865	16.08	5.51304
2866	16.28	5.60014
2867	16.27	5.70238
2868	16.56	5.60593
2869	16.83	5.79147
2870	17.06	6.00137
2871	16.04	6.15292
2872	16.2	6.19032
2873	16.07	6.31705
2874	16.38	6.27022
2875	16.3	6.71193
2876	16.28	6.62734
2877	16.4	6.60908
2878	16.84	6.62981
2879	16.72	6.46542
2880	16.96	6.30067
2881	16.91	6.17105
2882	16.56	6.37702
2883	16.67	6.23387
2884	16.22	6.35229
2885	16.33	6.65591
2886	16.48	6.63397
2887	15.94	6.02133
2888	15.41	5.30489
2889	15.94	5.39225
2890	15.76	5.53917
2891	15.72	5.66053
2892	15.73	5.5423
2893	15.86	5.85836
2894	16	5.91439
2895	16.61	5.98146
2896	16.59	5.75343
2897	15.99	5.79395
2898	16.01	5.79223
2899	15.9	5.92199
2900	15.87	5.81662
2901	15.99	5.68594
2902	16.48	5.90674
2903	16.64	6.10167
2904	17.04	6.17401
2905	17	6.27057
2906	16.84	6.43851
2907	17.23	6.55417
2908	17.1	6.83447
2909	17.79	6.93007
2910	18.25	7.13074
2911	18.06	6.50357
2912	17.49	6.40234
2913	17.19	6.31458
2914	16.89	6.49599
2915	17.36	6.15552
2916	17.17	6.39227
2917	17.06	6.52812
2918	16.75	6.4736
2919	16.23	6.60584
2920	16.47	6.07529
2921	16.41	6.28187
2922	16.87	6.46785
2923	16.73	6.39977
2924	16.44	6.01551
2925	16.29	5.80912
2926	16.47	5.99576
2927	16.57	6.36279
2928	16.21	5.90135
2929	15.68	5.44955
2930	16.46	5.2923
2931	16.8	5.51362
2932	16.1	5.68067
2933	16.44	5.34101
2934	16.65	5.21225
2935	16.59	5.49016
2936	16.65	5.54504
2937	16.71	5.38757
2938	16.7	5.33948
2939	16.58	5.49214
2940	16.02	5.86
2941	15.68	6.15448
2942	15.82	6.18608
2943	15.47	6.22327
2944	15.51	6.01913
2945	14.65	5.57562
2946	14.7	5.37308
2947	15.38	5.43283
2948	15.25	5.58458
2949	15.25	5.24285
2950	15.16	5.44007
2951	14.87	5.31913
2952	15.33	5.67636
2953	15.43	5.33152
2954	15.35	5.11542
2955	15.53	5.29047
2956	15.86	5.47909
2957	16.04	5.89223
2958	16.41	6.09442
2959	16.17	6.40789
2960	16.65	6.59147
2961	16.3	6.69701
2962	15.98	6.12369
2963	16	5.94475
2964	16.38	5.82714
2965	16.67	5.72373
2966	16.45	5.88961
2967	16.29	6.1584
2968	17.25	6.14553
2969	16.97	5.87785
2970	16.99	5.86258
2971	17.29	6.34712
2972	17.1	6.4923
2973	17.51	6.59165
2974	16.92	6.37288
2975	17.48	6.47531
2976	17.51	6.07371
2977	17.27	6.45113
2978	17.15	6.6036
2979	17.46	6.88538
2980	17.07	7.27084
2981	17.34	7.4689
2982	17.46	7.41811
2983	17.51	7.56901
2984	17.35	6.83429
2985	17.04	6.54358
2986	17.01	6.40234
2987	16.52	6.71786
2988	16.45	6.43487
2989	16.53	6.69396
2990	16.26	6.67775
2991	16.16	6.65691
2992	16.64	6.74762
2993	16.89	6.80719
2994	16.86	6.57118
2995	17.08	6.45396
2996	17.07	6.71007
2997	16.5	7.06612
2998	16.2	7.02994
2999	15.98	7.28283
3000	15.9	7.31369
3001	15.63	6.35241
3002	15.47	6.40071
3003	15.97	6.3316
3004	16.07	6.06672
3005	16.28	6.26272
3006	16.54	6.58395
3007	16.32	6.63005
3008	16.67	6.45609
3009	16.6	6.08769
3010	16.68	6.4341
3011	16.52	6.27133
3012	16.3	6.23137
3013	16.14	6.50695
3014	16.43	6.5563
3015	16.49	6.27932
3016	17.4	6.1709
3017	17.08	6.38855
3018	16.57	5.87921
3019	16.83	5.97504
3020	17.08	6.06247
3021	17.17	6.21298
3022	16.68	6.51902
3023	16.51	6.49075
3024	16.9	6.30793
3025	16.52	6.13593
3026	16.93	6.10943
3027	16.46	6.32206
3028	16.62	6.57994
3029	16	6.53299
3030	15.81	6.37447
3031	15.69	6.13628
3032	15.43	6.05847
3033	15.77	6.06276
3034	15.34	5.83133
3035	15.16	5.71615
3036	15.43	5.94686
3037	16.12	6.08322
3038	15.81	6.10032
3039	15.56	6.0915
3040	15.77	6.26395
3041	15.11	6.09245
3042	16.02	6.2801
3043	15.98	6.42803
3044	16.05	6.5702
3045	16.38	6.52347
3046	16.95	6.58692
3047	17.47	7.14766
3048	17.13	6.96657
3049	17.06	6.75251
3050	17.16	6.80253
3051	17.53	6.98062
3052	17.22	7.166
3053	17.23	7.44695
3054	17.51	7.71297
3055	17.18	7.33946
3056	17.16	7.62459
3057	17.52	7.78522
3058	17.47	7.89868
3059	17.04	7.31426
3060	17.09	7.45399
3061	17.18	7.56093
3062	16.85	7.17966
3063	17.29	7.18372
3064	17.34	7.18501
3065	17.05	7.3449
3066	17.26	7.51082
3067	17.3	7.40068
3068	17.39	7.52714
3069	17.31	7.44808
3070	17.55	7.53442
3071	17.01	6.34901
3072	16.44	6.35975
3073	16.19	6.52793
3074	15.83	6.5834
3075	16.03	6.57945
3076	16.29	6.57616
3077	16.18	6.4084
3078	16.58	6.28996
3079	16.95	6.14878
3080	16.27	5.99309
3081	16.6	6.063
3082	16.51	5.69648
3083	16.28	5.96838
3084	16.37	6.0393
3085	16.17	5.94484
3086	16.1	6.08851
3087	16.03	6.0588
3088	15.55	5.7138
3089	15.7	5.70877
3090	15.66	5.90799
3091	15.83	5.60902
3092	16.35	5.80237
3093	16.61	5.8854
3094	16.49	5.95398
3095	16.91	5.90609
3096	15.99	5.6789
3097	16.13	5.95761
3098	16.09	5.8414
3099	15.37	5.54374
3100	15.95	5.40255
3101	16.08	5.89182
3102	15.99	5.80947
3103	16.03	5.96734
3104	16.02	6.44357
3105	15.92	7.08757
3106	16.11	7.01412
3107	16.38	7.48168
3108	17.05	7.4167
3109	16.11	6.81307
3110	16.04	6.33233
3111	15.5	6.43661
3112	15.35	5.41364
3113	15.24	5.01821
3114	15.15	5.30354
3115	15	5.28583
3116	15.51	5.56686
3117	15.71	5.6041
3118	15.99	5.69473
3119	16.14	5.70792
3120	16	5.88388
3121	15.92	5.81838
3122	16.3	5.99583
3123	16.56	5.97046
3124	16.65	6.19576
3125	17.22	6.02923
3126	17.27	5.91583
3127	16.81	5.67397
3128	17.01	5.93548
3129	17.07	6.239
3130	16.67	6.52389
3131	16.6	6.18708
3132	16.47	6.41164
3133	16.41	6.45305
3134	16.43	6.82826
3135	16.8	6.87605
3136	16.95	7.17548
3137	16.55	7.11671
3138	16.41	6.58953
3139	17.19	6.71073
3140	17.21	6.78866
3141	17.22	7.02365
3142	16.04	6.19342
3143	16.13	6.07891
3144	16.82	6.28232
3145	16.65	6.29663
3146	16	6.16604
3147	16.51	6.34586
3148	16.35	5.96049
3149	16.52	6.10488
3150	16.97	6.24413
3151	17.05	6.38964
3152	16.59	6.21948
3153	16.67	6.29135
3154	16.45	6.40527
3155	15.67	5.45904
3156	15.43	5.56463
3157	15.12	5.53946
3158	15.65	5.39328
3159	15.52	5.33007
3160	15.46	5.27905
3161	15.08	4.78682
3162	15.69	5.11018
3163	15.58	5.31823
3164	15.63	5.25482
3165	15.95	5.17373
3166	15.74	5.19735
3167	15.74	5.25285
3168	16.01	5.26592
3169	15.74	5.11199
3170	15.47	5.29236
3171	15.72	5.15185
3172	15.62	4.925
3173	15.35	4.96261
3174	15.26	5.27185
3175	15.43	5.09756
3176	15.6	5.37401
3177	15.15	5.53602
3178	14.29	4.86065
3179	14.75	5.03463
3180	15.05	4.93634
3181	15.46	5.10376
3182	16.13	5.53291
3183	16.12	5.76937
3184	16.26	5.43253
3185	15.91	5.44076
3186	16.05	5.31107
3187	16.1	5.57943
3188	15.62	5.4567
3189	15.6	5.69034
3190	15.91	5.76558
3191	16.11	6.00815
3192	16.15	5.89809
3193	16.53	6.05385
3194	16.7	5.9607
3195	16.64	6.01418
3196	16.19	6.0559
3197	16.52	5.98745
3198	16.34	6.08148
3199	16	6.16604
3200	15.65	5.95042
3201	15.89	6.17073
3202	15.43	6.01042
3203	14.49	5.3898
3204	15.18	5.2562
3205	15.8	5.59821
3206	16.18	5.4523
3207	16.3	6.0075
3208	16.52	5.84034
3209	16.61	5.52068
3210	16.73	5.87002
3211	16.54	5.6981
3212	15.95	5.47974
3213	16.04	5.32901
3214	15.81	5.47302
3215	16.01	5.4836
3216	16.15	5.71205
3217	16.25	5.69451
3218	16.44	5.99053
3219	15.85	5.95546
3220	15.43	5.55564
3221	15.07	5.6943
3222	14.79	5.04439
3223	15.04	4.9334
3224	15.22	5.12558
3225	15.67	5.66755
3226	15.52	5.5036
3227	15.57	5.6165
3228	15.87	5.57253
3229	15.84	5.76146
3230	15.73	5.84441
3231	16.01	5.81119
3232	16.26	6.03261
3233	15.95	5.82473
3234	16.18	6.01728
3235	15.83	6.00176
3236	16.44	6.03211
3237	16.31	6.24931
3238	16.88	6.43783
3239	16.58	5.39292
3240	16.63	5.5311
3241	16.5	5.82495
3242	16.67	5.75509
3243	17.19	5.89694
3244	16.66	5.696
3245	16.38	5.77197
3246	16.38	5.56198
3247	15.31	5.58694
3248	15.48	5.4854
3249	15.48	5.53621
3250	15.75	5.7173
3251	16.16	5.8133
3252	16.16	6.08395
3253	16.41	6.18562
3254	16.77	6.20783
3255	16.45	6.02059
3256	16.07	5.82624
3257	16.35	5.52155
3258	16.06	5.62818
3259	16.26	5.50022
3260	16.07	5.27116
3261	15.62	5.43835
3262	15.91	5.15964
3263	15.69	5.06497
3264	15.97	5.42854
3265	15.95	5.59352
3266	16.31	5.50217
3267	16.68	5.42011
3268	16.72	5.61085
3269	16.75	5.62561
3270	16.95	5.78684
3271	15.5	5.73847
3272	15.62	6.03453
3273	15.19	6.06745
3274	15.57	5.99376
3275	15.71	5.92334
3276	15.7	5.76108
3277	15.74	5.76302
3278	15.74	5.96929
3279	15.97	6.0588
3280	16.07	5.87751
3281	16.23	5.94955
3282	16.46	6.13583
3283	17.04	6.36698
3284	17.06	6.41533
3285	16.83	6.44213
3286	17.15	6.61268
3287	17.28	6.80012
3288	16.9	6.59621
3289	17.09	6.75588
3290	17.12	7.10954
3291	16.5	6.97782
3292	16.55	6.96904
3293	16.27	6.29898
3294	16.74	6.32395
3295	16.39	6.34176
3296	16.93	6.29961
3297	17.06	6.62694
3298	16.79	6.63822
3299	15.56	6.34716
3300	15.26	5.95755
3301	15.77	6.01141
3302	15.63	5.66684
3303	15.77	5.8307
3304	15.68	6.20464
3305	16.14	5.78795
3306	15.63	6.03267
3307	15.95	6.1796
3308	16.19	5.99616
3309	15.47	5.52712
3310	15.79	4.83796
3311	15.6	4.73709
3312	15.89	5.04162
3313	16.11	5.26288
3314	15.66	5.76059
3315	16.43	5.62006
3316	15.63	5.82178
3317	15.83	5.85671
3318	16.25	5.54143
3319	16.47	5.61508
3320	16.59	5.67115
3321	16.35	5.62383
3322	15.98	5.16717
3323	16.15	5.22566
3324	15.73	5.45684
3325	15.55	5.34486
3326	15.83	5.45904
3327	16.21	5.59159
3328	15.46	4.95262
3329	15.97	4.85892
3330	16.47	5.17195
3331	16.48	5.37676
3332	16.71	5.49235
3333	16.46	5.54693
3334	16.32	5.37565
3335	16.15	5.11346
3336	15.89	5.09293
3337	15.9	5.16817
3338	16.05	5.41549
3339	16.3	5.25452
3340	16.56	5.25418
3341	16.64	5.26597
3342	16.48	5.6947
3343	17.14	5.83099
3344	16.7	5.65774
3345	16.46	5.6576
3346	16.27	5.87002
3347	15.76	5.67119
3348	16.05	5.80582
3349	16.35	5.84016
3350	15.96	5.90241
3351	16.17	6.21137
3352	16.06	5.89037
3353	15.76	5.64645
3354	15.87	5.74918
3355	15.75	5.61494
3356	15.97	5.80078
3357	15.38	5.81512
3358	15.55	5.89131
3359	15.28	5.40755
3360	15.18	5.37286
3361	15.12	5.27689
3362	15.22	5.15088
3363	15.48	5.19708
3364	15.31	5.58873
3365	14.99	5.48907
3366	15.63	5.16266
3367	15.21	5.61123
3368	15.82	5.71206
3369	16.06	5.84435
3370	16.34	6.11591
3371	16.59	6.36411
3372	16.84	6.592
3373	16.87	6.32559
3374	17.03	6.65501
3375	17.4	7.22357
3376	16.55	6.92152
3377	16.19	6.87996
3378	16.27	7.09627
3379	16.3	7.08449
3380	16.7	6.84324
3381	16.67	6.56514
3382	16.47	6.68798
3383	15.08	6.18657
3384	15.48	6.07697
3385	15.66	6.12245
3386	15.74	6.14267
3387	15.99	5.98414
3388	15.97	5.8574
3389	15.91	5.80533
3390	15.77	5.94114
3391	16.07	5.91989
3392	15.88	5.98712
3393	15.89	5.92097
3394	16.01	5.62582
3395	16.18	5.58638
3396	16.58	5.6554
3397	16.72	5.77422
3398	16.98	5.80686
3399	16.8	5.81378
3400	16.85	5.6734
3401	17.29	5.93514
3402	16.91	6.09934
3403	16.4	5.6
3404	15.85	5.28843
3405	16.39	5.34957
3406	16.4	5.78446
3407	16.34	5.9937
3408	16.38	5.65823
3409	16.52	5.76625
3410	16.68	6.11372
3411	16.24	6.19535
3412	16.28	6.47778
3413	15.7	6.27296
3414	15.74	6.11002
3415	16.51	6.077
3416	16.28	5.76902
3417	16.53	6.21684
3418	16.51	6.26657
3419	16.54	6.23445
3420	16.58	6.50105
3421	16.74	6.05577
3422	16.72	5.82594
3423	16.04	5.54061
3424	15.88	5.99213
3425	15.61	5.85985
3426	15.78	5.73861
3427	15.89	5.82391
3428	15.8	5.54977
3429	15.72	5.63219
3430	15.62	5.54036
3431	15.92	5.45285
3432	16.16	5.65813
3433	16.51	5.77147
3434	16.6	6.01664
3435	16.32	6.18042
3436	16.07	6.46104
3437	16	6.4792
3438	16.21	6.44406
3439	14.97	5.6222
3440	14.73	5.259
3441	14.97	5.41563
3442	15.33	5.53544
3443	15.5	5.51634
3444	15.72	5.45908
3445	15.75	5.62917
3446	16.09	5.71156
3447	16.82	5.96218
3448	16.87	5.88159
3449	15.5	5.65951
3450	15.41	5.53912
3451	15.5	5.26213
3452	15.41	5.53371
3453	15.67	5.78629
3454	16.31	5.97276
3455	16.31	6.08062
3456	16.43	6.02039
3457	15.78	6.00596
3458	15.31	6.14279
3459	15.47	6.21362
3460	16.18	6.40372
3461	15.94	6.49434
3462	16.27	6.11041
3463	16.57	6.41756
3464	16.28	6.12222
3465	15.95	6.53204
3466	16.61	6.53589
3467	16.43	6.76499
3468	16.24	6.64698
3469	16.1	6.40234
3470	16.59	6.5086
3471	16.61	6.29745
3472	17.09	6.54079
3473	17.26	6.60094
3474	17.03	6.54439
3475	17.26	6.84196
3476	16.83	5.93811
3477	16.94	5.86314
3478	17.38	5.86307
3479	17.29	5.81256
3480	16.93	5.6165
3481	17.08	5.61904
3482	16.9	5.69298
3483	16.14	5.88391
3484	16.12	5.75027
3485	16.04	5.96812
3486	15.7	6.00583
3487	15.91	6.20982
3488	15.34	6.12408
3489	15.59	5.77771
3490	15.77	5.94114
3491	16.05	5.90656
3492	16.11	5.59981
3493	15.83	5.64988
3494	15.89	5.3477
3495	15.86	5.45714
3496	16.21	5.90474
3497	16.68	6.1788
3498	16.49	6.19111
3499	16.72	6.3452
3500	16.32	5.77734
3501	16.16	5.97448
3502	15.83	6.49162
3503	15.89	6.26082
3504	15.63	5.99442
3505	15.19	5.33047
3506	15.18	5.64337
3507	14.89	5.46241
3508	15.51	5.53985
3509	15.49	5.76107
3510	15.79	5.77805
3511	15.75	5.7678
3512	15.73	6.0479
3513	16.29	5.87247
3514	16.58	6.06495
3515	17.3	6.54141
3516	16.68	6.42788
3517	16.47	6.66101
3518	16.58	6.48565
3519	16.56	6.42856
3520	16.61	6.39045
3521	16.72	6.11241
3522	16.55	6.15041
3523	16.82	6.34252
3524	17	6.29285
3525	16.79	6.29491
3526	16.97	6.46909
3527	16.72	5.91452
3528	16.87	6.33665
3529	17.07	6.58522
3530	17.5	6.74018
3531	17.04	6.92231
3532	17.58	7.02308
3533	16.95	6.59602
3534	17.13	6.52174
3535	17.29	6.4223
3536	16.68	6.58161
3537	16.97	6.69993
3538	16.7	6.56277
3539	16.2	6.07454
3540	16.79	5.957
3541	16.6	6.20645
3542	16.75	6.252
3543	16.83	6.56971
3544	16.9	6.67907
3545	16.77	6.90631
3546	17.03	7.03627
3547	17.06	6.95244
3548	15.98	7.00568
3549	16.04	6.87447
3550	16.16	6.85962
3551	16.51	6.94333
3552	17.06	7.24268
3553	17.62	7.36312
3554	17.33	7.60928
3555	16.85	7.15175
3556	16.65	7.00482
3557	16.87	7.03655
3558	15.52	6.43037
3559	15.13	6.11008
3560	15.49	6.32376
3561	15.13	6.19622
3562	14.95	6.30456
3563	15.21	5.70841
3564	15.37	5.96096
3565	15.6	6.14166
3566	15.79	6.30602
3567	15.34	5.73972
3568	15.44	5.93181
3569	16.01	5.87962
3570	15.85	5.6734
3571	16.33	5.66931
3572	16.59	5.89423
3573	16.74	5.87643
3574	16.63	5.77521
3575	16.61	5.84105
3576	16.9	5.78533
3577	16.77	5.4495
3578	16.76	5.28606
3579	16.76	5.55359
3580	16.85	5.73825
3581	16.5	5.80086
3582	16.47	5.53436
3583	16.75	5.68573
3584	17	5.8
3585	16.34	6.14527
3586	16.35	5.99062
3587	16.39	6.33387
3588	16.07	6.19073
3589	16.14	5.96493
3590	15.88	5.79013
3591	16.1	6.04897
3592	16.37	5.95761
3593	16.36	6.25703
3594	16.32	6.31487
3595	16.03	5.86422
3596	16.2	5.98331
3597	16.52	6.32373
3598	16.58	6.01195
3599	16.37	6.3587
3600	16.16	6.3588
3601	16.14	6.16769
3602	16.23	6.25597
3603	16.14	6.56814
3604	16.9	6.70746
3605	16.58	6.78702
3606	16.66	6.74569
3607	16.7	6.73127
3608	16.52	6.95051
3609	16.48	6.694
3610	16.34	6.96595
3611	15.8	6.35453
3612	15.41	6.1532
3613	14.91	5.08743
3614	15.22	4.8879
3615	15.28	5.01813
3616	15.76	5.3891
3617	16.22	5.56342
3618	16.67	5.73072
3619	16.99	5.60624
3620	16.7	5.87963
3621	16.77	5.88193
3622	16.62	5.61031
3623	16.33	5.83105
3624	16.01	5.95902
3625	15.84	5.7736
3626	15.19	5.54742
3627	15.47	5.53436
3628	15.6	5.58749
3629	15.47	5.65235
3630	15.35	5.29976
3631	14.78	5.02311
3632	14.88	5.03047
3633	15.56	5.11336
3634	15.69	5.3492
3635	16.1	5.20865
3636	16.21	5.22168
3637	15.92	5.20707
3638	16.16	5.24923
3639	16.5	5.20096
3640	16.7	5.88303
3641	16.87	5.79941
3642	17.02	5.78443
3643	16.97	6.11303
3644	17.19	5.96439
3645	16.84	6.20439
3646	16.45	5.98394
3647	16.96	5.9815
3648	16.94	6.44953
3649	16.36	6.52307
3650	16.18	6.84015
3651	15.84	6.70331
3652	15.87	6.36185
3653	16.04	6.27044
3654	16.25	6.30139
3655	16.73	6.26076
3656	16.47	5.95559
3657	15.84	5.8749
3658	15.77	5.67072
3659	15.93	5.61828
3660	15.54	6.0637
3661	14.99	5.45618
3662	14.94	5.38669
3663	15.37	5.4197
3664	15.12	5.40607
3665	15.34	5.36697
3666	15.78	5.53458
3667	16.02	5.61957
3668	15.96	5.89902
3669	15.81	6.04267
3670	15.59	6.31363
3671	15.56	5.7102
3672	15.18	5.37658
3673	15.12	5.32969
3674	15.18	5.23332
3675	15.29	5.4668
3676	15.73	5.51698
3677	16.02	5.50632
3678	15.55	5.15631
3679	15.71	5.25794
3680	15.46	5.71738
3681	14.87	5.5976
3682	15.3	5.27162
3683	15.48	5.55784
3684	15.37	5.62255
3685	15.29	5.57727
3686	15.49	5.73846
3687	15.09	5.94322
3688	15.33	6.04492
3689	15.52	6.0008
3690	16.44	6.13077
3691	15.68	5.13786
3692	15.83	5.47915
3693	15.54	5.53068
3694	15.71	5.66444
3695	15.09	5.66585
3696	15.21	5.19287
3697	15.23	5.10657
3698	14.91	5.01417
3699	15.33	4.81052
3700	15.33	5.30859
3701	15.7	5.36004
3702	15.9	5.42863
3703	15.96	4.86399
3704	15.5	4.91833
3705	15.96	4.96774
3706	15.55	5.03264
3707	15.75	5.16406
3708	15.35	5.02668
3709	15.82	5.25429
3710	16.25	5.34486
3711	16.23	5.37188
3712	16.49	5.17976
3713	16.39	5.34396
3714	16.84	5.3679
3715	16.31	5.56722
3716	16.48	5.52355
3717	16.71	5.63257
3718	16.04	5.75833
3719	16.3	5.55968
3720	16.1	5.48179
3721	16.73	5.5441
3722	16.52	5.65593
3723	16.19	5.22627
3724	15.63	5.59045
3725	15.6	5.49909
3726	16.06	5.45311
3727	15.86	4.88676
3728	15.99	5.03288
3729	15.69	4.62103
3730	15.92	4.99336
3731	15.25	5.1466
3732	15.65	5.34673
3733	15.83	5.44987
3734	16.05	5.18532
3735	15.82	5.32049
3736	15.84	5.10827
3737	16.05	4.98874
3738	16.26	4.59482
3739	16.74	4.86543
3740	17.01	4.96084
3741	16.99	5.19903
3742	17.03	5.42854
3743	16.98	5.47719
3744	17.22	5.71066
3745	16.76	5.67824
3746	17.11	5.69016
3747	16.95	5.91164
3748	16.42	6.07648
3749	16.44	5.90647
3750	17.05	5.8675
3751	16.89	5.88879
3752	16.77	6.11368
3753	16.79	6.20853
3754	16.86	6.36556
3755	17.09	6.68296
3756	16.54	6.5367
3757	16.45	6.4844
3758	15.83	5.97002
3759	15.51	5.90507
3760	15.45	6.08667
3761	15.31	5.71961
3762	15.13	5.33789
3763	15.75	5.43576
3764	15.55	5.58279
3765	15.43	5.03439
3766	15.69	5.24728
3767	15.67	5.05382
3768	15.37	5.36033
3769	15.42	5.46659
3770	15.37	5.78041
3771	15.78	5.90183
3772	15.65	6.03718
3773	15.65	6.41463
3774	15.62	6.40122
3775	15.5	5.72975
3776	15.82	5.87942
3777	15.95	5.9672
3778	15.88	5.98879
3779	16.27	6.00142
3780	15.9	5.11762
3781	16.57	5.21393
3782	16.47	5.45794
3783	16.01	5.54165
3784	16.02	5.64974
3785	15.53	5.93373
3786	16.12	5.99713
3787	16.26	5.86621
3788	16.45	6.2006
3789	16.3	6.27136
3790	16.72	5.99513
3791	16.69	6.33039
3792	17.37	6.35083
3793	17.74	6.50326
3794	17.39	6.65567
3795	17.42	6.81055
3796	16.87	6.84639
3797	16.46	6.52751
3798	16.87	6.61764
3799	16.62	6.57842
3800	16.39	6.38106
3801	16.2	6.35925
3802	15.9	5.81464
3803	16.31	5.89015
3804	16.17	5.27836
3805	16.46	5.38037
3806	16.32	5.63006
3807	16.34	5.83818
3808	15.88	6.05521
3809	15.29	5.86565
3810	15.62	5.68468
3811	15.39	5.51524
3812	15.2	5.60179
3813	15.73	5.66366
3814	15.96	5.64078
3815	15.9	5.59732
3816	15.73	5.45867
3817	15.77	5.52242
3818	15.96	5.33089
3819	16.23	5.55132
3820	16.45	5.51793
3821	16.19	5.50581
3822	16.46	5.42848
3823	16.02	5.31598
3824	15.76	5.88578
3825	16.09	5.88064
3826	15.99	6.11309
3827	16.39	6.29428
3828	16.46	6.44891
3829	16.33	6.29294
3830	15.97	6.25852
3831	15.57	5.39677
3832	15.76	4.97819
3833	15.43	5.01848
3834	15.78	5.08051
3835	15.24	5.01621
3836	15.25	5.20841
3837	15.66	5.25589
3838	15.74	5.42148
3839	15.72	5.00815
3840	16.03	4.83416
3841	16.5	4.67226
3842	16.71	4.81517
3843	16.73	5.20741
3844	15.66	5.38743
3845	15.46	5.40633
3846	15.48	5.64
3847	15.65	5.36353
3848	16.22	5.39181
3849	16.23	5.444
3850	16.11	5.52792
3851	15.86	5.47361
3852	16.1	5.42125
3853	15.88	5.4411
3854	15.8	5.3963
3855	15.6	5.43139
3856	15.3	5.37308
3857	15.84	5.66872
3858	16.12	6.08487
3859	16.24	6.31683
3860	16.27	6.69007
3861	16.42	6.5348
3862	16.45	6.52131
3863	16.41	6.53926
3864	16.24	6.75147
3865	16.92	6.7907
3866	17.33	6.86739
3867	16.74	7.24516
3868	16.96	7.37553
3869	17.16	7.27698
3870	17.4	7.15961
3871	17.2	7.33348
3872	16.65	7.11108
3873	16.43	6.93434
3874	16.2	7.2208
3875	16.26	7.07901
3876	16.5	7.22426
3877	16.24	6.87622
3878	16.84	6.88872
3879	16.45	6.71025
3880	16	6.80735
3881	16.52	6.87238
3882	16.75	7.07443
3883	16.97	6.97919
3884	17.05	6.8795
3885	16.52	5.62757
3886	16.38	6.05108
3887	16.06	6.07918
3888	15.73	6.19331
3889	15.79	5.86224
3890	16.48	5.93208
3891	16.48	5.46531
3892	15.98	5.79824
3893	16.42	5.91638
3894	16.55	6.0998
3895	16.45	6.53663
3896	16.31	6.52946
3897	16.13	6.41195
3898	16.52	6.14081
3899	16.93	6.21973
3900	16.9	5.87963
3901	16.4	5.96825
3902	15.99	6.09507
3903	16.52	6.5276
3904	16.11	6.39671
3905	15.97	6.20073
3906	16.47	6.42099
3907	15.71	5.88098
3908	15.7	5.69649
3909	15.35	5.17953
3910	15.41	5.109
3911	15.43	5.44106
3912	15.42	5.2994
3913	15.67	5.14598
3914	15.45	4.97268
3915	15.55	5.00075
3916	16.1	5.26403
3917	16.23	5.5188
3918	16.38	5.73024
3919	16.72	6.00013
3920	16.49	6.60529
3921	16.58	6.39716
3922	16.57	6.00042
3923	16.32	5.63716
3924	15.77	5.19202
3925	15.83	5.02206
3926	16.24	5.08944
3927	15.81	5.45288
3928	15.97	5.43959
3929	16.36	5.56511
3930	16.39	5.91421
3931	16.2	5.80172
3932	16.04	5.63191
3933	16.73	5.58185
3934	16.33	5.51372
3935	15.88	5.29203
3936	16.02	5.61779
3937	16.3	5.94895
3938	16.07	6.08647
3939	16.48	6.00247
3940	16.9	6.45058
3941	16.92	6.48025
3942	17.01	5.77147
3943	16.75	6.09816
3944	16.55	6.33621
3945	16.29	5.99382
3946	15.87	5.9727
3947	15.33	5.56607
3948	15.79	5.52502
3949	16.11	5.85985
3950	16.54	6.0273
3951	16.51	6.09507
3952	16.79	6.43785
3953	16.98	6.42336
3954	17	6.3671
3955	16.84	6.7937
3956	16.75	7.09278
3957	16.67	6.92251
3958	16.15	6.36141
3959	16.59	6.05821
3960	16.21	6.09474
3961	15.81	6.19628
3962	15.46	5.87439
3963	15.19	5.78912
3964	14.67	5.13625
3965	14.9	5.16624
3966	15.2	5.43875
3967	15.39	5.15149
3968	15.7	5.34135
3969	16.16	5.71615
3970	16.34	5.78138
3971	16.6	6.16604
3972	16.34	6.18744
3973	16.16	6.25575
3974	16.53	6.46445
3975	16.94	6.60124
3976	17.17	6.61673
3977	17.32	6.58769
3978	17.32	6.87733
3979	17.42	7.108
3980	17.52	7.28901
3981	17.25	6.95611
3982	16.56	6.97613
3983	16.1	6.46761
3984	15.98	6.6603
3985	16.52	6.55512
3986	16.58	6.81055
3987	15.82	7.12093
3988	16.06	6.65405
3989	16.82	6.68488
3990	16.27	5.9445
3991	16.44	6.11771
3992	16.48	6.37884
3993	16.85	6.47823
3994	16.37	6.4663
3995	16.55	6.23598
3996	17	6.31981
3997	16.45	6.57324
3998	16.15	6.50903
3999	15.93	6.65471
4000	15.98	6.76163
