1	19.12	1.60175
2	20.01	1.58427
3	20.47	2.12817
4	21.02	2.79635
5	21.51	3.30906
6	22.11	3.72531
7	22.61	4.40884
8	22.94	4.8802
9	23.52	5.44514
10	23.48	5.88129
11	24.03	5.95391
12	24.04	6.42171
13	24	6.80882
14	24.1	6.80515
15	24.24	7.19739
16	23.32	7.08644
17	23.07	7.58057
18	22.73	7.57081
19	23.25	7.76965
20	23.07	7.7952
21	23.55	7.8465
22	23.86	8.13636
23	24.15	8.61554
24	24.43	8.70661
25	23.74	8.03072
26	24.66	8.3117
27	24.85	8.32271
28	25.17	8.54641
29	24.57	8.97915
30	24.69	9.109
31	24.54	8.75605
32	23.96	8.99769
33	23.79	8.9881
34	24.12	8.86034
35	24.09	8.34996
36	24.42	8.37398
37	24.17	8.1683
38	23.17	7.69682
39	23.24	7.52346
40	23.11	7.43222
41	23.51	7.5888
42	23.4	7.73692
43	23.4	7.59342
44	22.64	7.43306
45	22.68	7.33332
46	23.2	6.91954
47	22.79	7.46498
48	23.29	7.94014
49	23.2	7.53923
50	22.9	7.33553
51	22.48	7.20206
52	23.02	7.11615
53	23.04	7.51521
54	23.27	7.6614
55	23.97	7.74268
56	23.85	7.89224
57	24.47	8.09253
58	23.83	8.68108
59	24.11	8.76572
60	23.03	8.46222
61	22.97	8.33721
62	23.49	8.52936
63	23.57	8.83997
64	23.22	8.80066
65	23.32	8.78052
66	23.31	8.6495
67	23.46	8.92011
68	23.49	8.83345
69	23.51	9.1951
70	22.84	9.06501
71	22.77	8.79643
72	22.47	8.57258
73	21.94	8.6762
74	21.8	7.81153
75	22.35	7.87321
76	21.75	8.03539
77	22.07	7.7785
78	22.29	7.90227
79	22.18	7.9817
80	22.5	8.1074
81	22.62	8.1508
82	22.84	6.55243
83	22.6	6.005
84	22.62	5.98795
85	22.85	6.36769
86	21.87	6.30025
87	22.65	6.54733
88	23.16	6.73011
89	22.59	6.69641
90	22.82	6.15854
91	22.84	6.30511
92	23.46	6.60367
93	23.14	6.78825
94	23.12	7.47567
95	23.18	7.66339
96	22.78	7.72085
97	22.5	7.0562
98	22.93	7.12075
99	23.19	7.35214
100	23.94	7.43077
101	24.13	7.78416
102	24.74	8.11865
103	24.17	8.60355
104	24.82	8.74458
105	23.88	8.19546
106	23.38	7.76889
107	24.01	7.94669
108	23.36	7.55847
109	23.85	7.86686
110	23.28	7.8944
111	22.5	7.93536
112	22.52	7.41685
113	22.12	7.26262
114	21.72	6.90663
115	21.73	6.62851
116	22.01	6.73275
117	22.19	6.53406
118	22.19	6.56155
119	22.59	6.79425
120	23.27	7.10754
121	23.53	7.34364
122	23.85	7.55033
123	23.95	8.24424
124	23.83	7.91335
125	24	7.61183
126	23.96	7.63403
127	23.93	7.6567
128	24.16	7.93564
129	23.77	8.54734
130	23.71	8.64673
131	23.15	8.44438
132	22.87	8.25549
133	22.87	8.39125
134	23.33	8.56044
135	23.8	8.73613
136	24.25	8.95028
137	23.94	9.26695
138	23.85	9.50408
139	23.59	9.43938
140	22.88	7.45423
141	22.92	7.66378
142	23.25	8.0192
143	22.99	7.88352
144	22.34	7.6318
145	22.53	7.61637
146	22.71	8.06634
147	22.91	7.5579
148	22.36	7.82754
149	22.42	7.7951
150	22.51	7.30958
151	22.01	6.59772
152	22.49	6.59923
153	23.18	6.95612
154	23.13	7.24521
155	22.67	7.29528
156	22.76	7.22374
157	22.57	6.3502
158	22.75	6.74444
159	22.43	6.73239
160	21.65	6.79908
161	21.49	6.65206
162	21.17	6.02006
163	21.63	6.26204
164	22.33	6.43126
165	22.91	6.77805
166	22.82	6.58389
167	23.19	6.86833
168	23.37	7.14654
169	23.33	7.06832
170	22.19	7.06781
171	23.12	7.0488
172	22.95	7.38427
173	23.72	7.72668
174	23.32	7.64576
175	23.32	7.59458
176	22.59	7.07262
177	22.29	6.77834
178	22.95	6.75185
179	23.17	7.26093
180	23.84	7.31535
181	23.45	7.59655
182	23.35	7.23101
183	23.04	7.57221
184	22.95	7.51049
185	22.71	7.3093
186	22.64	7.573
187	22.48	7.4545
188	22.3	7.1617
189	22.34	6.54556
190	22.7	6.62797
191	22.58	6.91546
192	22.6	6.96707
193	22.48	6.96775
194	22.71	7.22121
195	23.07	7.4125
196	22.98	7.41213
197	23.31	7.65989
198	23.72	7.83847
199	22.9	7.89747
200	23.38	7.85593
201	23.65	8.16134
202	24.14	8.66605
203	23.67	8.86347
204	23.71	8.8581
205	24.09	9.10065
206	24.49	9.49894
207	24.2	9.57601
208	23.96	9.47304
209	23.15	9.05138
210	23.81	9.06829
211	23	8.37496
212	23.07	8.01655
213	23.81	7.89138
214	23.99	8.33726
215	23.73	8.32689
216	24.12	8.66635
217	23.35	8.90435
218	24.03	8.72749
219	23.79	8.79693
220	23.62	9.25611
221	23.6	9.18695
222	23.38	9.42951
223	23.12	9.3491
224	22.97	9.21461
225	22.61	8.67974
226	22.5	8.5668
227	22.68	8.65896
228	22.88	8.7787
229	22.9	8.821
230	22.6	8.42615
231	22.91	8.45115
232	23.69	8.48256
233	24.07	8.82299
234	23.62	8.87218
235	23.74	8.65751
236	24.25	8.86045
237	23.99	9.04267
238	23.61	9.34012
239	23.97	9.63063
240	23.48	8.29516
241	23.73	8.65316
242	23.67	8.10192
243	24.22	8.34695
244	24.57	7.87814
245	23.68	8.41175
246	23.39	8.25215
247	22.36	7.58883
248	21.56	7.00902
249	21.89	7.07516
250	21.28	6.76325
251	21.9	6.59318
252	21.63	6.95795
253	21.75	6.40371
254	21.72	5.78978
255	21.26	5.32282
256	21.56	5.47598
257	22.16	5.76319
258	22.42	5.72395
259	21.72	5.59657
260	21.14	5.41852
261	21.25	5.55405
262	21.68	5.50614
263	22.14	5.63564
264	22.41	6.18724
265	22.57	6.26778
266	22.94	6.09396
267	22.97	6.36153
268	23.05	6.77551
269	23.39	6.94391
270	23.52	7.05759
271	23.23	7.20951
272	23.41	7.41093
273	22.57	7.46224
274	22.14	7.09228
275	22.42	7.14448
276	22.7	7.29726
277	22.12	7.15022
278	22.23	6.92944
279	22.87	7.41034
280	23.08	7.71191
281	21.89	6.79837
282	22.29	7.05591
283	22.43	6.91123
284	22	6.74685
285	21.77	6.27671
286	22.41	6.30412
287	22.34	6.31383
288	22.7	6.50615
289	22.75	6.26957
290	22.82	6.59603
291	22.9	7.14493
292	23.1	6.98785
293	22.42	6.87922
294	22.37	6.96657
295	22.42	6.90099
296	21.94	6.81002
297	22	7.05549
298	22.5	7.15192
299	22.85	7.47178
300	22.63	7.80468
301	22.33	7.17364
302	22.96	7.50189
303	22.95	7.56621
304	22.95	7.6686
305	23.15	7.64117
306	22.84	7.30167
307	23.32	7.74839
308	22.88	6.74282
309	23.24	6.97728
310	23.35	7.09842
311	23.14	7.37837
312	23.54	7.76585
313	23.86	8.08087
314	23.53	7.71292
315	23.84	8.1789
316	23.46	8.46099
317	23.96	8.13255
318	24.16	8.52493
319	24.44	8.50332
320	23.83	8.37742
321	23.81	8.58568
322	23.84	9.07714
323	24.11	9.13115
324	24.06	9.66832
325	23.55	9.57954
326	23.7	9.9985
327	24.08	9.89715
328	23.34	9.01468
329	22.72	8.39057
330	22.65	8.35629
331	23.23	8.53447
332	23.52	9.01164
333	23.51	8.68389
334	23.49	8.44333
335	24.16	8.79741
336	23.99	8.57146
337	23.66	8.5688
338	23.51	8.86735
339	24.26	9.03728
340	24.52	9.48312
341	24.24	9.64999
342	23.65	8.11958
343	23.55	7.9049
344	23	8.04984
345	22.79	7.70493
346	23.48	8.11601
347	24.49	8.2006
348	23.64	7.83648
349	23.33	7.7137
350	23.55	7.71541
351	23.56	7.56481
352	23.26	7.5586
353	23.1	7.59013
354	23.81	7.69895
355	23.13	7.43728
356	22.94	7.12435
357	22.91	7.35268
358	23.49	7.33007
359	23.53	7.84022
360	24.03	7.7194
361	23.68	8.06211
362	23.74	8.26997
363	23.61	8.25215
364	23.6	8.53346
365	23.37	8.32665
366	23.54	8.28302
367	23.37	7.85831
368	22.79	8.36815
369	22.71	7.3977
370	22.59	7.43249
371	22.74	7.7416
372	22.98	7.3634
373	23.26	7.53475
374	22.99	7.32051
375	23.24	7.55529
376	23.37	8.14451
377	22.88	8.20765
378	22.55	7.76321
379	22.91	7.90202
380	22.87	7.78929
381	23.33	7.67992
382	23.22	7.98947
383	23.4	8.26559
384	23.51	7.81472
385	23.96	7.84209
386	23.13	7.47349
387	22.99	7.37766
388	22.66	7.05581
389	23.4	7.01997
390	23.52	7.21593
391	23.33	7.71629
392	23.17	7.79237
393	23.54	7.76585
394	22.61	7.32106
395	22.48	7.44511
396	22.39	6.74521
397	22.71	7.26539
398	23.17	7.44856
399	24.04	7.76263
400	23.98	7.61575
401	24.09	7.76543
402	23.5	7.99687
403	23.06	8.25327
404	23.06	8.07814
405	23.14	7.78077
406	23.26	7.4332
407	23.16	7.3003
408	22.92	7.53615
409	23.42	7.79382
410	24.37	7.95067
411	24.26	8.19222
412	24.46	8.35275
413	24.13	8.95171
414	23.45	8.18337
415	23.06	8.01601
416	22.64	8.05422
417	23.3	8.36959
418	23.32	8.52746
419	23.25	8.82199
420	23.42	9.05669
421	23.33	8.5581
422	23.84	8.794
423	24.05	9.13605
424	23.83	9.19789
425	24.37	9.5913
426	23.79	9.6128
427	24	9.65919
428	23.76	9.47325
429	23.36	9.36752
430	23.44	9.69981
431	23.52	9.09338
432	23.42	8.81043
433	23.45	8.86157
434	23.74	8.9751
435	23.37	7.09458
436	23.18	7.4905
437	22.77	7.3971
438	23.53	7.52789
439	23.49	8.09135
440	23.51	8.23711
441	23.66	8.43471
442	22.59	8.3703
443	23.06	8.76221
444	23.11	8.63469
445	22.96	8.86445
446	22.99	9.17768
447	23.67	9.02558
448	23.49	9.01831
449	23.2	9.1225
450	23.62	9.19867
451	24.04	9.33908
452	23.68	8.56374
453	24.14	8.70864
454	23.91	8.75568
455	23.2	8.65563
456	23.07	8.93673
457	23.38	8.92836
458	23.49	9.20271
459	23.66	9.42467
460	22.9	7.87591
461	22.5	8.01935
462	22.94	8.34963
463	23.25	8.39449
464	23.69	8.46132
465	24.11	8.97095
466	23.58	8.45125
467	22.84	7.03665
468	22.84	7.37661
469	22.63	7.40494
470	22.75	7.38834
471	23.35	7.80945
472	24.4	7.76788
473	24.34	8.2864
474	24.32	8.57307
475	24.63	8.34105
476	24.06	8.01227
477	24.14	8.5814
478	23.21	7.59249
479	23.47	7.91385
480	22.46	7.99302
481	22.36	8.17254
482	22.22	7.35198
483	22.19	7.78549
484	22.86	7.98125
485	23.16	7.68859
486	23.39	7.90809
487	23.64	7.96055
488	24.33	8.30067
489	24.34	8.14521
490	24.38	8.31839
491	24.67	8.72932
492	23.55	8.01795
493	22.81	8.50964
494	23.74	8.36495
495	24	9.10824
496	23.5	8.27103
497	23.59	8.24026
498	23.13	7.50421
499	22.91	7.59091
500	23.19	7.3358
501	23.83	7.77181
502	24.47	7.76461
503	23.97	7.8606
504	23.25	7.20746
505	23.74	6.93487
506	24.14	7.06402
507	24.29	7.28189
508	23.55	7.16293
509	23.33	7.3635
510	23.15	7.45034
511	23.9	7.32598
512	23.08	7.82008
513	22.33	7.25404
514	22.74	7.64149
515	22.71	7.60039
516	21.68	7.46308
517	21.03	7.1728
518	21.63	7.28238
519	21.32	6.36377
520	21.72	6.58343
521	22.52	6.74608
522	23.55	7.2033
523	23.12	7.44215
524	23.16	7.63639
525	23.84	8.03955
526	23.49	8.10616
527	23.38	8.3376
528	22.38	7.13412
529	21.88	6.41916
530	22.24	6.58198
531	21.53	6.29516
532	22.08	6.33511
533	22.44	6.88233
534	23.06	7.04105
535	22.71	6.95456
536	22.98	7.22493
537	23.12	7.58588
538	23.26	7.23273
539	23.2	7.3675
540	23.18	7.34218
541	23.01	6.99213
542	22.31	6.64484
543	22.54	6.71628
544	22.03	6.10975
545	22.05	6.33621
546	21.77	6.43717
547	22.53	6.48915
548	23	6.22415
549	22.93	6.71454
550	22.92	7.16056
551	23.27	7.43217
552	23.82	7.73483
553	24.29	7.76697
554	23.72	7.8982
555	23.36	7.94546
556	23.1	7.58222
557	23.75	7.58337
558	24	7.86638
559	23.97	7.9843
560	23.44	7.62538
561	23.38	8.30034
562	23.61	7.90556
563	24.19	8.14211
564	23.68	8.33532
565	23.36	8.731
566	23.68	8.72454
567	22.61	7.28957
568	22.94	7.33051
569	22.68	7.48716
570	22.6	7.47529
571	22.42	7.0925
572	22.41	7.31176
573	23.02	7.16517
574	23.6	6.97424
575	24.08	7.50157
576	24.21	8.09728
577	23.93	8.35255
578	23.8	8.37974
579	24.66	8.62348
580	24.77	8.90601
581	24.28	9.37559
582	24.2	9.23905
583	24.93	9.348
584	24.7	9.44828
585	24.68	9.69008
586	23.82	8.48573
587	24.13	8.74832
588	23.3	8.34925
589	23.5	8.6954
590	23.32	8.79532
591	22.98	8.74069
592	23	7.7666
593	23.11	7.84206
594	23.32	7.74323
595	23.31	7.5375
596	23.06	7.51242
597	23.08	7.43731
598	23.37	7.41978
599	23.46	7.57551
600	23.36	7.713
601	22.78	8.01446
602	22.67	8.1683
603	22.1	7.8924
604	22.39	8.00986
605	22.27	7.5324
606	22.23	7.6169
607	21.91	6.66948
608	21.77	6.74515
609	22.19	6.71669
610	23.11	6.68116
611	22.46	6.49218
612	22.4	6.81175
613	22.37	6.64327
614	22.39	7.12165
615	22.37	6.77149
616	22.33	6.60463
617	22.62	6.79526
618	23.03	7.14766
619	22.67	7.24024
620	23.04	7.62748
621	22.53	7.22835
622	22.42	7.30093
623	22.83	7.71499
624	23.27	7.87128
625	23.24	7.95754
626	22.02	7.18189
627	22.19	7.01241
628	22.63	7.06209
629	22.77	7.03826
630	22.38	6.9954
631	22.52	6.77566
632	23.11	6.69611
633	22.23	6.73774
634	23	7.23326
635	23.73	7.35371
636	23.79	7.18929
637	23.94	7.17331
638	23.69	7.48558
639	23.74	7.98326
640	24.07	8.1071
641	24.57	8.54313
642	23.99	8.73784
643	23.09	8.25239
644	23.52	8.48938
645	23.56	7.78501
646	24.1	7.98311
647	24.14	8.04117
648	23.89	8.1583
649	23.79	8.67329
650	23.93	8.65824
651	24.11	9.10373
652	23.72	8.67189
653	23.87	8.8833
654	22.89	7.63923
655	23.04	7.81271
656	23.69	8.02084
657	22.75	8.12081
658	22.54	7.71417
659	22.6	7.4162
660	22.97	7.77747
661	21.81	6.75529
662	22.35	7.2655
663	22.47	7.03485
664	22.28	7.31995
665	22.3	7.3885
666	22.82	7.35986
667	22.61	7.38498
668	21.47	6.47527
669	21.77	6.38413
670	21.16	5.81845
671	21.64	5.84041
672	22.25	5.89809
673	22.31	6.32723
674	22.18	6.42243
675	22.36	6.70898
676	22.49	6.65356
677	23.18	6.84599
678	23.04	7.25523
679	23.19	7.65597
680	22.77	7.034
681	22.8	7.06965
682	23.41	7.19596
683	23.71	7.13624
684	23.17	7.26231
685	23.29	7.62666
686	21.91	6.87909
687	22.43	6.69515
688	22.45	6.64586
689	22.82	6.73109
690	23.21	6.83124
691	23.25	7.12653
692	23.8	7.61446
693	23.56	7.63848
694	23.14	7.41892
695	23.84	7.58646
696	23.06	7.8814
697	23.13	7.41843
698	23.4	7.56571
699	23.31	8.09036
700	22.73	7.62739
701	23.13	8.2008
702	23.26	7.99327
703	23.48	8.21399
704	23.58	8.35485
705	22.91	8.30553
706	22.76	7.77318
707	22.63	7.66375
708	23.14	7.95615
709	22.47	7.69864
710	21.54	7.09989
711	22.19	7.15359
712	22.99	7.71038
713	22.51	6.79043
714	22.27	7.18172
715	22.02	7.62493
716	21.98	7.43771
717	22.43	7.65148
718	23.37	7.87357
719	23.08	8.34587
720	22.58	7.22105
721	21.95	7.09982
722	22.4	6.77791
723	22.65	6.95467
724	22.15	6.72216
725	22.31	6.95801
726	23.18	7.2971
727	23.11	7.71219
728	23.01	7.97809
729	23.65	8.47275
730	23.17	8.31391
731	23.1	7.73757
732	22.74	6.78324
733	22.72	6.49782
734	22.38	6.05934
735	22.21	6.3266
736	22.66	6.77528
737	22.17	6.48854
738	22.33	6.20654
739	22.98	5.89403
740	23.05	6.44108
741	22.76	6.73665
742	23.21	6.8019
743	23.11	6.84382
744	22.89	7.20124
745	22.8	7.51665
746	23.32	7.75484
747	23.07	7.52497
748	23.21	7.60696
749	23.45	7.78637
750	23.11	7.51917
751	22.82	7.81841
752	23.28	7.93609
753	23.66	7.9085
754	24.16	7.76366
755	23.69	7.04655
756	23.36	7.85687
757	23.45	7.90743
758	22.94	7.94836
759	22.93	7.55414
760	22.38	7.48703
761	22.04	6.76893
762	22.16	6.55549
763	21.71	6.00715
764	22.11	6.47595
765	22.23	6.61491
766	21.98	6.82346
767	21.69	6.67487
768	21.43	6.79449
769	22.05	6.69384
770	22	6.92098
771	22.62	6.79968
772	21.94	6.43245
773	22.34	6.34857
774	22.51	6.37416
775	22.65	6.29663
776	22.98	6.85417
777	22.4	6.58939
778	22.34	6.40815
779	23.16	6.92924
780	22.75	7.2033
781	22.98	7.26771
782	23.02	7.36475
783	23.67	7.32537
784	23.04	6.79253
785	23.15	6.98051
786	23.4	7.11196
787	22.91	7.1737
788	22.86	6.59548
789	23.01	6.94621
790	22.94	7.00974
791	22.2	6.72309
792	22.79	6.90695
793	22.54	6.36305
794	23.07	6.6802
795	22.7	7.06329
796	23.18	7.40862
797	23.75	7.42748
798	23.87	7.58638
799	23.79	7.48237
800	23.33	7.72794
801	23.51	7.61774
802	23.46	7.53183
803	22.6	7.50467
804	22.64	7.08734
805	23.37	7.25762
806	23.83	7.70462
807	23.48	8.15657
808	23.54	8.26973
809	23.21	7.73343
810	22.98	7.58153
811	23.21	7.38281
812	23.51	7.7479
813	23.88	7.69322
814	24.44	8.11828
815	24.38	8.74275
816	24.14	8.43448
817	24.31	8.56469
818	23.6	8.72582
819	23.41	8.33318
820	23.53	8.56324
821	23.89	9.21292
822	23.31	9.2398
823	23.56	9.0303
824	23.67	9.21201
825	23.79	8.60615
826	22.97	8.7937
827	22.37	7.71836
828	21.84	7.52691
829	21.6	6.66333
830	22.12	6.78569
831	21.74	6.70018
832	21.88	6.75615
833	21.73	6.89472
834	22.47	7.07454
835	23.1	7.44916
836	22.65	7.84904
837	22.5	6.9606
838	22.7	7.27805
839	22.52	6.92456
840	22.19	7.28244
841	22.5	7.71816
842	22.46	6.94179
843	22.87	7.18005
844	22.5	7.17844
845	21.96	6.52215
846	22.19	6.65837
847	22.42	5.95177
848	21.79	5.73985
849	21.69	5.49672
850	21.9	5.76108
851	21.93	5.75023
852	21.81	5.65101
853	22.03	5.91347
854	22.66	6.04685
855	22.93	6.0914
856	22.92	6.52638
857	22.89	6.51597
858	22.52	6.16519
859	23.12	6.60497
860	23.39	6.62555
861	22.98	6.62115
862	23.24	7.05566
863	23.1	6.56277
864	23.91	6.73958
865	23.21	6.76653
866	23.81	6.96663
867	23.69	7.40094
868	22.89	7.87768
869	22.99	8.06535
870	23.58	8.18679
871	23.87	8.51781
872	23.84	8.38656
873	24.07	8.38004
874	23.96	7.77679
875	23.67	7.73312
876	23.99	7.91643
877	24.1	8.31324
878	23.53	7.96926
879	24.31	8.19963
880	23.79	7.95524
881	24.06	8.28833
882	24.15	8.56432
883	23.35	8.21021
884	23.31	8.34949
885	22.54	7.90243
886	22.33	6.9614
887	21.92	6.88721
888	21.89	6.5649
889	21.82	6.57173
890	21.83	6.68589
891	21.8	6.05145
892	22.6	6.3498
893	22.98	6.72901
894	23.2	6.62269
895	23	6.77643
896	23.09	7.26098
897	23.02	7.54848
898	23.32	7.80625
899	23.17	7.9474
900	23.42	8.31286
901	23.75	8.53976
902	23.44	7.99665
903	22.99	7.36002
904	22.38	7.36041
905	23.05	7.7387
906	22.37	7.29473
907	22.56	7.07293
908	22.35	6.21993
909	22.24	6.49942
910	22.73	6.80273
911	22.43	6.80332
912	22.13	6.3398
913	22	6.47302
914	20.62	5.54758
915	21.66	5.696
916	21.99	5.9741
917	22.17	6.06639
918	22.96	6.03145
919	22.65	6.33621
920	22.92	6.85227
921	22.94	6.82176
922	23.23	7.123
923	23.33	6.88485
924	23.02	7.39862
925	23.29	7.21012
926	23.6	7.13583
927	24.52	7.43166
928	24.83	8.32713
929	24.71	8.43362
930	25.22	8.44344
931	24.43	8.31656
932	22.84	7.78424
933	23.49	7.62823
934	22.13	6.91326
935	22.45	6.90706
936	23.14	6.85277
937	23.12	7.08982
938	23.14	7.36617
939	23.44	7.73346
940	23.85	8.03539
941	22.95	7.46375
942	23.55	7.62283
943	23.5	7.50933
944	23.78	7.69491
945	23.14	7.36888
946	23.1	7.58881
947	23.16	6.82015
948	22.22	6.65219
949	22.19	6.80249
950	21.94	6.64051
951	22.11	6.16911
952	22.13	6.24124
953	21.38	6.34473
954	21.41	6.25635
955	20.97	5.62398
956	21.33	5.83448
957	22.07	6.07166
958	22.08	5.71258
959	21.69	5.54742
960	21.36	5.97247
961	22.12	5.71713
962	22.19	5.73009
963	22.42	6.15821
964	22.01	6.26817
965	22.59	6.24034
966	22.25	6.16664
967	22.89	6.66918
968	22.83	6.66642
969	22.37	6.67631
970	22.9	6.90145
971	23.13	7.18979
972	23.13	7.56261
973	22.79	7.27364
974	23.74	7.83916
975	23.75	7.83246
976	23.48	7.56635
977	23.86	7.50336
978	22.96	7.75618
979	23.24	7.94999
980	23.48	8.17616
981	23.31	8.22033
982	23.63	8.61702
983	23.53	8.23098
984	23.27	8.51922
985	23.35	8.74114
986	23.27	8.74741
987	23.77	8.77252
988	23.89	8.82485
989	24.53	8.89545
990	24.42	8.32848
991	24.16	8.46017
992	23.96	8.22426
993	24.13	8.54711
994	24.58	8.49962
995	24.25	8.85932
996	23.63	8.65177
997	23.4	8.30301
998	23.25	8.36227
999	23.36	8.13452
1000	23.02	8.02244
1001	22.78	7.95057
1002	23.54	7.85038
1003	23.67	8.45701
1004	23.63	7.9808
1005	23.25	7.24897
1006	23.57	7.2488
1007	23.13	7.55864
1008	23.47	7.97051
1009	23.49	7.99562
1010	23.52	8.06285
1011	24.57	8.32136
1012	24.12	8.18814
1013	23.37	8.05935
1014	22.84	7.62459
1015	22.47	7.28623
1016	22.77	7.42409
1017	22.84	7.84056
1018	22.9	7.76209
1019	21.86	7.05836
1020	22.68	6.90345
1021	22.7	6.98069
1022	22.73	6.90776
1023	22.17	6.7573
1024	22.47	6.7889
1025	22.93	6.91702
1026	23.09	7.04002
1027	23.68	7.39713
1028	23.61	7.54837
1029	23.38	7.4937
1030	22.94	7.2977
1031	22.93	7.56737
1032	22.76	6.98873
1033	22.91	7.32816
1034	23.36	7.3777
1035	23.35	7.41401
1036	23.44	7.86552
1037	22.9	7.57298
1038	22.95	7.35714
1039	23.53	7.63997
1040	23.93	8.20519
1041	23.78	8.43988
1042	23.28	8.70067
1043	22.45	7.17687
1044	22.41	7.14576
1045	22.85	7.79022
1046	23.03	7.51592
1047	23.09	7.05279
1048	22.95	7.07867
1049	23.27	7.07086
1050	23.22	7.21052
1051	23.52	7.22147
1052	22.78	7.32609
1053	23.6	7.50999
1054	22.96	7.20544
1055	22.82	6.3959
1056	23.14	6.26581
1057	22.53	6.47527
1058	22.68	6.72143
1059	22.61	6.99985
1060	23.07	7.43943
1061	22.75	7.36122
1062	23.37	7.53214
1063	22.57	7.78621
1064	22.51	7.64002
1065	23.08	7.90149
1066	23.14	7.88165
1067	23.34	8.14521
1068	24	8.19146
1069	23.51	8.51762
1070	24.25	8.71937
1071	23.54	8.74348
1072	23.5	8.69195
1073	22.69	7.10309
1074	22.66	7.28041
1075	22.37	6.97661
1076	22.23	6.83206
1077	22.71	6.62162
1078	22.58	6.46557
1079	22.73	6.85544
1080	22.6	7.24845
1081	22.08	6.6943
1082	22.56	6.29177
1083	22.77	6.7065
1084	22.47	6.72377
1085	22.42	6.76044
1086	22.72	6.98581
1087	22.72	7.08531
1088	21.88	7.06439
1089	21.81	6.40733
1090	22.43	6.5027
1091	23.06	6.62544
1092	23.18	6.89693
1093	23.45	7.21301
1094	23.77	7.30323
1095	23.54	7.6856
1096	23.04	7.82294
1097	22.7	7.46659
1098	22.54	6.98201
1099	22.97	6.97202
1100	23.34	7.24599
1101	22.89	6.60287
1102	23.1	6.94622
1103	24.02	6.85271
1104	24.77	7.19007
1105	24.27	7.58137
1106	25.11	7.88149
1107	24.62	8.28828
1108	25.16	8.16911
1109	24.11	8.44262
1110	23.52	8.4516
1111	23.52	8.30841
1112	22.53	8.25161
1113	22.29	7.35295
1114	22.89	7.634
1115	23.27	7.55626
1116	23.54	7.76456
1117	23.06	7.90294
1118	23.49	7.71686
1119	22.72	7.38929
1120	22.98	7.6707
1121	22.95	8.07759
1122	22.94	8.269
1123	23.02	8.48879
1124	22.79	7.42872
1125	23.31	7.61537
1126	22.92	7.49891
1127	21.78	7.10574
1128	22.26	7.13669
1129	22.06	7.04389
1130	22.17	6.84406
1131	22.5	6.49846
1132	22.73	6.82914
1133	22.49	7.07035
1134	22.37	7.25349
1135	21.78	7.12121
1136	22.03	7.05472
1137	22.26	6.8784
1138	22.85	6.87077
1139	22.93	7.01036
1140	23	7.34302
1141	22.92	6.38699
1142	23.05	6.70131
1143	23.38	6.28773
1144	23.14	6.8964
1145	23.08	6.78186
1146	23.38	7.10321
1147	23.19	6.89738
1148	23.67	6.83967
1149	23.23	6.78654
1150	22.97	6.89414
1151	23.3	7.04344
1152	23.81	7.39824
1153	23.6	7.53923
1154	23.66	7.53156
1155	23.84	7.9104
1156	23.55	8.29864
1157	23.21	8.2877
1158	22.98	8.3964
1159	22.34	7.30646
1160	21.38	6.26543
1161	21.91	6.52548
1162	22.1	6.59318
1163	22.18	6.25041
1164	22.11	6.48212
1165	21.41	5.56254
1166	21.83	5.41674
1167	22.26	5.66678
1168	22.35	6.06527
1169	22.29	6.37228
1170	22.76	6.45619
1171	22.38	6.82756
1172	22.78	7.05773
1173	22.54	7.17694
1174	22.8	6.97137
1175	23.02	7.10631
1176	23.03	7.45044
1177	23	7.6184
1178	22.68	7.33196
1179	22.17	6.86302
1180	22.55	6.84891
1181	22.31	7.10168
1182	22.06	7.18446
1183	22.32	7.14266
1184	23.12	7.32432
1185	24.03	7.73105
1186	23.39	7.34833
1187	22.71	7.04315
1188	22.71	7.51837
1189	22.28	7.82187
1190	22.24	7.38664
1191	22.36	7.64005
1192	22.87	7.96072
1193	23.48	7.56767
1194	22.28	6.97579
1195	22.27	6.54959
1196	22.71	6.70417
1197	23.01	7.01213
1198	23.07	7.36241
1199	23.11	7.43894
1200	22.82	7.27101
1201	22.62	7.53098
1202	22.55	7.78508
1203	22.59	7.56452
1204	22.31	7.59697
1205	22.75	7.35442
1206	22.32	7.72513
1207	21.85	7.03616
1208	22.28	6.88924
1209	21.79	6.49815
1210	22.59	6.49014
1211	22.16	6.9119
1212	22.71	6.69521
1213	22.81	6.59499
1214	22.33	5.90602
1215	22.14	5.79486
1216	22	5.70964
1217	22.91	5.88913
1218	22.8	6.23378
1219	22.72	6.68443
1220	22.78	6.74326
1221	22.81	6.67637
1222	22.77	6.95249
1223	22.91	6.86745
1224	22.77	6.93665
1225	23.15	7.18384
1226	23.57	7.67366
1227	24.23	7.77027
1228	23.62	7.74439
1229	23.74	7.48815
1230	22.79	6.80043
1231	22.2	6.89928
1232	22.27	7.17893
1233	22.51	7.25051
1234	22.38	7.70036
1235	22.27	7.03826
1236	22.72	7.36353
1237	22.88	6.98753
1238	22.39	6.30539
1239	22.42	6.32484
1240	23.1	6.82276
1241	23.02	6.41402
1242	22.3	6.73721
1243	22.65	6.63984
1244	23.2	6.94118
1245	22.9	6.8971
1246	23.49	7.10562
1247	22.91	7.07686
1248	23.31	7.28793
1249	23.03	7.13506
1250	23.71	7.29424
1251	23.82	7.75033
1252	24.32	7.8165
1253	24.57	8.15016
1254	24.82	8.55264
1255	24.2	8.75443
1256	24.06	8.85192
1257	23.5	8.74014
1258	24.24	9.04115
1259	24.28	9.14886
1260	22.96	8.68783
1261	22.18	8.16747
1262	22.87	8.04569
1263	22.61	8.08566
1264	22.63	7.7713
1265	22.66	7.96771
1266	22.9	8.32646
1267	23.48	8.60405
1268	23.92	8.75406
1269	23.04	7.59858
1270	23.3	8.10247
1271	22.88	7.55947
1272	23.05	7.71281
1273	23.25	7.68424
1274	23	7.82432
1275	23.23	7.84711
1276	23.32	8.22056
1277	23.52	7.76335
1278	23.73	8.01231
1279	24.08	8.20571
1280	22.7	7.8848
1281	22.57	8.05761
1282	23.15	8.0329
1283	22.23	7.14543
1284	22.77	7.3401
1285	23.21	7.4623
1286	23.68	7.43624
1287	23.26	7.36562
1288	23.03	7.37896
1289	23.42	7.53947
1290	23.03	6.98492
1291	23.64	7.06473
1292	23.98	7.40673
1293	24.47	7.82362
1294	24.7	8.36002
1295	24.37	8.36021
1296	23.68	7.86114
1297	23.81	8.27731
1298	23.56	8.56892
1299	24.12	8.47264
1300	24.2	8.58371
1301	24.54	8.80616
1302	24.63	9.16041
1303	24.3	8.7983
1304	24.29	9.13706
1305	23.95	8.98485
1306	24.58	8.92881
1307	24.93	9.10193
1308	25.18	9.35562
1309	25	9.72831
1310	25.21	9.95218
1311	24.98	10.4986
1312	25.67	10.1883
1313	26.01	10.458
1314	25.97	10.3667
1315	24.69	10.3099
1316	23.9	9.81377
1317	23.55	8.9514
1318	23.53	9.11861
1319	23.05	8.26725
1320	23.01	7.89493
1321	23.51	8.35044
1322	24.15	8.57832
1323	24.22	8.29286
1324	24.85	8.66877
1325	24.82	9.13606
1326	24.19	9.35061
1327	24.09	8.97451
1328	23.62	9.20628
1329	22.76	9.38309
1330	22.5	8.44097
1331	21.9	7.74403
1332	21.18	6.91864
1333	21.81	7.12277
1334	22.21	7.07431
1335	22.33	7.64599
1336	22.78	7.73509
1337	22.46	8.12702
1338	22.52	8.14184
1339	22.25	8.4503
1340	22.14	8.02374
1341	23.18	8.36466
1342	22.65	6.9848
1343	22.79	7.06016
1344	23.3	7.23118
1345	22.57	7.40305
1346	22.53	7.60323
1347	22.91	7.93611
1348	22.2	7.54718
1349	22.63	7.77259
1350	22.45	6.68038
1351	21.97	6.59766
1352	21.55	6.0768
1353	21.92	6.62824
1354	21.96	6.59836
1355	22.19	6.72413
1356	22.99	7.00071
1357	22.31	7.20513
1358	22.68	7.5682
1359	22.89	7.62351
1360	22.33	7.70332
1361	23.17	7.65775
1362	22.99	6.89274
1363	21.68	6.11863
1364	21.54	6.48447
1365	21.55	6.2151
1366	21.83	6.64839
1367	21.34	6.39409
1368	21.9	6.56887
1369	22.59	6.31996
1370	21.8	5.88897
1371	21.65	6.28072
1372	21.08	5.76486
1373	21.31	6.14442
1374	21.79	5.15809
1375	21.55	5.28843
1376	22.17	5.51009
1377	21.75	5.36167
1378	22.3	5.64004
1379	22.63	5.85261
1380	22.32	5.85471
1381	22.83	6.01008
1382	22.31	5.87485
1383	22.89	6.21755
1384	23.37	6.75671
1385	23.98	6.84979
1386	23.39	6.66468
1387	23.75	7.00054
1388	23.58	7.39213
1389	23.51	7.49733
1390	23.89	7.55632
1391	23.46	7.26006
1392	23.78	7.15203
1393	23.92	7.2065
1394	24.74	7.52545
1395	24.21	7.99787
1396	24.62	8.01596
1397	24.43	8.12435
1398	25.17	8.43333
1399	25.06	8.64618
1400	24.45	8.73771
1401	24.41	8.49011
1402	24.22	8.56105
1403	24.23	8.80438
1404	24.42	9.2792
1405	24.07	8.98805
1406	23.73	8.67393
1407	23.8	8.16701
1408	24.71	8.34421
1409	24.56	8.48566
1410	24.72	8.70756
1411	23.79	8.65944
1412	24.06	8.80548
1413	23.71	8.47856
1414	23.15	8.34071
1415	22.81	8.70367
1416	23.08	8.32548
1417	23.48	8.75498
1418	23.94	9.21609
1419	24.01	8.99499
1420	23.94	8.56133
1421	23.7	8.13204
1422	24.32	8.00485
1423	23.65	7.81329
1424	23.19	7.79576
1425	22.86	7.25399
1426	22.99	7.57165
1427	23.4	7.88289
1428	23.92	8.05814
1429	23.39	7.6771
1430	23.93	7.84634
1431	23.31	7.49626
1432	23.08	7.39551
1433	22.86	7.54324
1434	23.19	7.20097
1435	23.28	7.43112
1436	22.72	7.33768
1437	23.08	7.12135
1438	23.57	7.35562
1439	23.84	7.37526
1440	23.44	7.60305
1441	23.99	7.6922
1442	24.36	8.02312
1443	23.99	7.97809
1444	23.63	7.57318
1445	22.66	7.6462
1446	21.82	6.98624
1447	21.5	6.76387
1448	22.02	6.69176
1449	22.29	6.71758
1450	22.88	6.67425
1451	23.19	7.06639
1452	23.7	7.22011
1453	23.82	7.48917
1454	23.71	7.31341
1455	23.94	7.80233
1456	24.12	8.12192
1457	23.59	8.36193
1458	23.46	8.50579
1459	23.71	8.59569
1460	24.09	8.9455
1461	23.75	8.73427
1462	24.1	9.0294
1463	24.71	9.13925
1464	24.02	9.73445
1465	23.51	9.0978
1466	23.23	9.4264
1467	23.64	9.27526
1468	23.84	8.93725
1469	23.96	7.90939
1470	24.35	7.85923
1471	23.89	8.06957
1472	24.52	8.3072
1473	25.05	8.73427
1474	25.08	9.17462
1475	24.77	9.20745
1476	24.53	9.37492
1477	24.42	9.5532
1478	24.04	9.8437
1479	24.59	9.9107
1480	25.13	10.0942
1481	24.57	10.2745
1482	24.2	9.69226
1483	24.03	9.8239
1484	24.12	9.45122
1485	23.59	8.70758
1486	23.19	8.35667
1487	23.26	8.30978
1488	23.38	8.1802
1489	23.62	8.47087
1490	23.16	7.96959
1491	22.94	7.58659
1492	22.68	7.90301
1493	22.5	7.75564
1494	22.75	7.76321
1495	23.14	8.04117
1496	23.05	8.40283
1497	23.41	8.41914
1498	23.35	7.81841
1499	22.79	6.88229
1500	22.89	7.39175
1501	22.85	7.13355
1502	22.66	6.82528
1503	23.08	6.82595
1504	23.05	6.73257
1505	22.17	6.7053
1506	22.33	6.36876
1507	22.76	6.78987
1508	23.69	6.90463
1509	22.69	6.35562
1510	22.97	6.43499
1511	22.63	6.81125
1512	22.75	7.18801
1513	22.69	6.66438
1514	22.71	6.77539
1515	22.67	6.71871
1516	22.81	6.73156
1517	22.76	6.54541
1518	22.67	6.52389
1519	22.33	6.70381
1520	22.87	6.87554
1521	22.86	7.02712
1522	23.09	7.25685
1523	23.42	7.18496
1524	23.49	6.96347
1525	23.72	6.91387
1526	23.38	6.96388
1527	23.09	7.29259
1528	23.61	7.38904
1529	23.79	7.54758
1530	24	7.87782
1531	22.75	7.71929
1532	22.54	7.28618
1533	22.92	7.67682
1534	22.85	7.45704
1535	22.99	7.33007
1536	22.79	7.26264
1537	23.34	7.63573
1538	22.77	7.24687
1539	22.34	6.87927
1540	22.24	6.83392
1541	23.44	7.02755
1542	23.04	6.78221
1543	23.17	7.26093
1544	22.91	6.9672
1545	23.31	7.44271
1546	23.21	7.31341
1547	23.04	7.42013
1548	22.69	7.41579
1549	22.26	7.16047
1550	22.48	6.87529
1551	22.43	6.82386
1552	22.13	6.75671
1553	22.34	7.05581
1554	21.92	6.62522
1555	21.45	5.95546
1556	21.51	6.04731
1557	22.1	6.35689
1558	22.1	6.58559
1559	22.27	6.52051
1560	22.12	5.91148
1561	22.48	6.09505
1562	23.42	6.28678
1563	23.2	6.82495
1564	23.81	6.92776
1565	23.72	7.4365
1566	23.92	7.4909
1567	23.57	7.59244
1568	22.26	7.01943
1569	21.94	6.78354
1570	22.28	6.85139
1571	22.95	6.91719
1572	23.12	7.09687
1573	22.5	6.9419
1574	22.74	7.13529
1575	22.41	7.07686
1576	22.65	7.38427
1577	22.3	7.39527
1578	22.33	7.70591
1579	22.28	7.70595
1580	22.93	7.50634
1581	23.04	7.25937
1582	23.18	7.32582
1583	23.44	7.9603
1584	23.28	7.61456
1585	22.82	7.2241
1586	22.83	7.2499
1587	23.31	7.26869
1588	23.43	7.66714
1589	23.13	7.44803
1590	22.68	7.38631
1591	23.07	7.62529
1592	22.68	6.81598
1593	22.52	6.91445
1594	22.78	6.98939
1595	23.31	7.02808
1596	23.17	7.20702
1597	23.59	7.22647
1598	23.53	7.61506
1599	23.49	7.79294
1600	23.54	7.8961
1601	23.77	7.49914
1602	23.63	7.8888
1603	23.48	8.31803
1604	22.76	8.12419
1605	22.78	7.95057
1606	22.82	7.77481
1607	22.71	7.72567
1608	23.44	7.82984
1609	23.63	7.99582
1610	23.56	8.0029
1611	23.91	8.17447
1612	23.76	8.463
1613	23.47	7.81083
1614	23.62	8.1508
1615	24.03	8.3216
1616	23.43	8.18566
1617	23.34	8.19783
1618	22.69	8.53311
1619	22.81	8.62867
1620	22.59	8.1032
1621	23.38	8.28466
1622	22.43	7.86289
1623	22.32	7.83566
1624	23.11	8.13375
1625	22.91	7.47542
1626	23.7	7.33553
1627	23.55	7.91123
1628	23.91	8.1708
1629	23.51	7.90758
1630	23.74	7.99952
1631	22.65	7.97543
1632	23	7.92591
1633	22.72	7.31448
1634	22.88	7.80805
1635	23.07	7.72302
1636	23.15	7.84904
1637	23.4	8.17313
1638	23.74	7.5705
1639	23.7	7.58881
1640	23.41	6.94852
1641	23.4	7.11899
1642	24.03	7.36811
1643	23.49	7.34097
1644	23.85	7.57677
1645	23.64	7.75051
1646	23.74	7.9657
1647	23.6	7.70065
1648	23.42	7.77583
1649	23.43	7.50101
1650	22.71	7.27914
1651	22.02	6.42181
1652	22.3	6.64304
1653	22.52	6.41012
1654	22.02	6.56046
1655	21.23	5.8307
1656	21.81	5.75099
1657	22.55	5.95546
1658	22.94	6.0346
1659	23.52	6.3945
1660	23.48	7.1491
1661	23.5	7.12671
1662	23.55	7.1713
1663	23.69	7.66772
1664	23.57	7.70877
1665	23.2	7.66029
1666	22.51	7.50666
1667	21.86	6.4854
1668	21.75	6.60208
1669	22.16	7.32901
1670	22.2	7.11477
1671	21.94	6.85247
1672	21.44	6.27904
1673	21.03	6.10484
1674	21.7	6.35059
1675	22.45	6.67289
1676	22.43	6.93434
1677	22.83	7.29528
1678	23.12	7.61614
1679	23.34	7.36779
1680	23.5	7.25465
1681	23.38	6.98252
1682	23.05	7.21162
1683	23.19	7.46953
1684	23.65	7.91502
1685	23.54	7.95289
1686	24.1	8.07775
1687	24.02	8.16698
1688	23.83	8.37503
1689	22.98	7.53522
1690	23.47	7.71421
1691	23.46	7.9805
1692	23.92	8.19839
1693	23.64	8.22012
1694	22.69	7.74041
1695	23.88	7.76824
1696	24.05	7.77351
1697	24.66	7.96771
1698	24.34	8.2586
1699	24.28	8.22931
1700	24.12	8.84
1701	24	9.17388
1702	23.54	9.30421
1703	23.33	9.46473
1704	23.37	9.62773
1705	23.22	8.66554
1706	23.59	8.71446
1707	23.94	8.92504
1708	23.65	8.77881
1709	22.93	6.66372
1710	22.71	6.53038
1711	22.73	7.00836
1712	22.98	7.32117
1713	23.9	7.14353
1714	22.86	7.58158
1715	22.76	7.03011
1716	22.57	7.11654
1717	22.93	7.37463
1718	23.03	7.05756
1719	23.37	7.13534
1720	23.36	6.95057
1721	23.03	7.19507
1722	22.94	7.13978
1723	23.18	7.56754
1724	22.99	7.74144
1725	23.33	7.46466
1726	22.96	7.86374
1727	23.52	7.98809
1728	23.92	8.00585
1729	23.24	8.37749
1730	23.2	8.44393
1731	22.91	8.61057
1732	22.09	8.34158
1733	22.72	8.22445
1734	23.51	8.33606
1735	23.06	6.86851
1736	23.6	7.09507
1737	23.76	6.77365
1738	23.71	7.27502
1739	23.94	7.40111
1740	24.09	7.96253
1741	24.14	7.92719
1742	23.47	8.10365
1743	23.53	7.74268
1744	22.56	7.37878
1745	22.3	7.45587
1746	23.05	7.62545
1747	22.64	6.9936
1748	22.3	6.56125
1749	22.43	6.80919
1750	22.14	6.8367
1751	23.01	6.44437
1752	22.79	6.96318
1753	23.22	6.89867
1754	23.47	7.01064
1755	23.84	7.39286
1756	23.64	7.63481
1757	23.54	7.65561
1758	23.23	8.05091
1759	22.51	7.79807
1760	23.05	8.14294
1761	23.36	8.47528
1762	22.53	7.9227
1763	22.94	8.2144
1764	23.01	8.64927
1765	23.05	8.72052
1766	22.73	7.72639
1767	23.4	7.87909
1768	23.49	8.43623
1769	23.15	7.68163
1770	22.77	7.7238
1771	23.1	7.62824
1772	23.13	7.76873
1773	22.82	7.16433
1774	22.81	7.24251
1775	23.04	7.3701
1776	23.53	7.30542
1777	23.36	7.71819
1778	22.93	7.51033
1779	22.14	7.84987
1780	22.5	7.92401
1781	22.96	8.09558
1782	23.84	8.36866
1783	23.53	7.97929
1784	23.89	8.13129
1785	24.42	8.4548
1786	24.62	8.86767
1787	24.19	9.17245
1788	24.27	9.58212
1789	24.11	8.78623
1790	24.39	8.99877
1791	23.28	8.43099
1792	22.8	8.30662
1793	22.35	7.8821
1794	22.38	8.19363
1795	21.61	7.00842
1796	21.83	7.25542
1797	22.07	6.74426
1798	22.59	7.14856
1799	22.52	6.65204
1800	22.46	6.69839
1801	22.81	6.79661
1802	23.25	7.3299
1803	23.02	6.75275
1804	23.36	7.04772
1805	23.34	7.28316
1806	23.01	7.20069
1807	22.78	7.26716
1808	22.42	7.59366
1809	22.05	7.52512
1810	22.76	7.7809
1811	22.97	7.83895
1812	23.11	8.10666
1813	22.7	7.84666
1814	22.87	7.86595
1815	22.22	7.7969
1816	23.3	8.13449
1817	23.82	8.27331
1818	23.34	8.29122
1819	22.93	8.2125
1820	23.96	8.56845
1821	23.9	8.8651
1822	22.49	8.18351
1823	21.77	7.58137
1824	22.45	7.96037
1825	22.42	6.83547
1826	22.95	7.29435
1827	23.56	7.02897
1828	23.63	7.26313
1829	23.16	7.38203
1830	23.15	7.92764
1831	23.54	8.1614
1832	23	7.67203
1833	23.05	7.98671
1834	23.14	7.42566
1835	22.78	7.24235
1836	23.05	7.45168
1837	23.43	7.06577
1838	23.83	7.46064
1839	23.7	7.83007
1840	23.18	7.7193
1841	22.74	7.85954
1842	23.1	8.56446
1843	22.98	8.62552
1844	23.01	8.49882
1845	22.65	8.24303
1846	22.24	8.22693
1847	22.95	8.47747
1848	22.37	8.3984
1849	22.99	8.36241
1850	23.27	8.59402
1851	22.63	8.05066
1852	23.24	8.36316
1853	22.5	8.22618
1854	22.5	8.32046
1855	22.15	7.98044
1856	22.7	7.96932
1857	22.92	8.34587
1858	23.28	8.59311
1859	23.28	8.6268
1860	23.23	8.56721
1861	23.64	8.85609
1862	23.57	8.97246
1863	22.85	8.54912
1864	23.05	8.57249
1865	23.38	8.78838
1866	22.76	8.79559
1867	22.7	8.65968
1868	22.49	5.97578
1869	22.29	6.34239
1870	22.75	6.81377
1871	22.73	6.46197
1872	22.7	6.50461
1873	23	6.54217
1874	23.52	6.7446
1875	23.31	7.11996
1876	22.64	7.07604
1877	21.75	6.35826
1878	21.42	6.35953
1879	22.27	6.67061
1880	21.74	6.4119
1881	22.2	6.5146
1882	22.12	6.89823
1883	22.37	6.8639
1884	22.43	7.13478
1885	23.04	7.17763
1886	22.81	7.38606
1887	23.27	7.28403
1888	22.83	7.56314
1889	22.8	7.67463
1890	22.24	7.18626
1891	21.54	6.1586
1892	21.78	6.18155
1893	22.3	6.61589
1894	22.55	6.5702
1895	22.45	6.27754
1896	22.42	6.24048
1897	22.46	6.27442
1898	22.69	6.27486
1899	22.79	6.62615
1900	23.06	7.16075
1901	22.98	6.65429
1902	23.59	6.81776
1903	23.11	7.27172
1904	24.25	7.49049
1905	24.07	7.97779
1906	24.5	8.26741
1907	24.37	8.22515
1908	24.11	8.42721
1909	24.07	8.39316
1910	23.71	8.46321
1911	23.04	7.99865
1912	23.36	8.20185
1913	23.53	7.94538
1914	23.48	7.75691
1915	23.57	7.91613
1916	23.86	7.79874
1917	24.08	8.0071
1918	23.59	8.22933
1919	23.89	8.49929
1920	23.1	7.77496
1921	23.68	7.94466
1922	24.07	7.93001
1923	23.08	8.15068
1924	22.99	7.44915
1925	22.67	7.22365
1926	22.97	7.60454
1927	23.16	7.91545
1928	23.77	7.74578
1929	23.4	7.94607
1930	22.34	7.89078
1931	22.17	7.61453
1932	22.27	7.55759
1933	21.59	6.40171
1934	21.39	6.28155
1935	21.8	6.55439
1936	21.75	6.42242
1937	22.39	6.63761
1938	22.91	7.10506
1939	23.06	7.38352
1940	23.29	7.98034
1941	21.97	7.14067
1942	22.78	7.4881
1943	22.5	7.27118
1944	22.73	7.43755
1945	22.47	6.682
1946	22.39	6.43412
1947	22.41	6.3405
1948	22.49	6.7149
1949	22.68	6.68114
1950	23.02	6.85271
1951	22.76	6.81046
1952	22.81	6.92776
1953	23.3	7.21873
1954	23.33	7.36214
1955	22.69	7.24389
1956	23.02	7.23185
1957	22.63	7.33847
1958	22.8	7.41889
1959	22.88	7.38821
1960	23.02	7.07528
1961	23.7	7.44648
1962	23.21	7.33798
1963	23.4	7.26085
1964	22.63	7.26038
1965	22.83	7.05557
1966	22.48	7.30819
1967	22.86	7.24434
1968	23.86	7.78077
1969	22.45	7.42883
1970	22.46	7.55304
1971	22.18	6.8343
1972	22.7	6.85784
1973	23.35	6.55191
1974	23.24	6.72922
1975	23.94	6.99546
1976	23.3	7.02211
1977	22.36	7.21598
1978	22.98	7.11334
1979	23.2	7.27049
1980	22.89	7.30876
1981	22.84	7.49229
1982	23.43	7.33792
1983	23.56	7.70496
1984	23.96	8.02112
1985	23.28	7.82187
1986	24.03	7.99307
1987	24.28	8.43099
1988	23.98	8.37136
1989	24.55	8.4503
1990	24.85	8.41115
1991	25.06	8.75765
1992	23.52	8.11601
1993	23.1	7.73111
1994	23.33	7.83461
1995	23.43	8.40268
1996	23.49	7.97182
1997	23.65	8.15031
1998	23.36	8.35885
1999	23.94	8.25569
2000	24.12	8.39557
2001	24.12	8.38007
2002	24.18	8.23697
2003	24.29	7.90227
2004	23.23	7.71084
2005	24.4	7.61577
2006	24.58	7.88312
2007	24.62	8.23138
2008	24.02	8.3821
2009	23.53	8.30356
2010	23.87	8.67485
2011	23.93	8.5443
2012	24.11	8.74631
2013	23.86	8.89384
2014	23.67	8.68338
2015	23.84	9.12658
2016	23.91	9.08966
2017	24.51	9.53152
2018	24.13	9.60277
2019	23.36	9.03053
2020	23.61	8.97429
2021	23.95	9.00708
2022	23.62	9.26151
2023	23.38	9.12774
2024	23.42	9.13475
2025	23.77	9.4423
2026	24.2	9.33488
2027	23.77	9.42534
2028	24.26	9.61626
2029	23.67	8.64298
2030	23.86	8.75788
2031	22.73	9.0486
2032	23.04	8.23155
2033	23.26	8.4813
2034	22.42	7.14028
2035	23.04	7.02413
2036	22.64	7.00503
2037	22.5	7.06895
2038	22.91	7.28161
2039	23.15	7.81073
2040	23.24	8.02262
2041	23.59	7.95751
2042	23.57	8.27436
2043	23.34	7.52226
2044	22.52	6.94043
2045	22.94	6.68404
2046	23.11	7.09915
2047	22.78	6.6612
2048	22.75	6.88821
2049	22.93	6.83558
2050	23.05	6.9848
2051	23.06	7.27986
2052	22.34	7.52625
2053	21.45	6.72068
2054	21.69	7.19958
2055	21.66	6.65766
2056	21.82	7.05462
2057	21.9	6.30159
2058	21.3	6.10492
2059	21.91	6.19854
2060	22.46	6.30305
2061	22.69	6.61467
2062	22.76	6.92982
2063	23.28	7.16949
2064	23.5	7.78267
2065	23.13	7.58506
2066	23.17	7.59481
2067	23.44	7.94144
2068	22.75	7.60181
2069	22.17	7.0499
2070	22.17	7.17364
2071	22.69	7.28518
2072	22.81	6.56916
2073	22.97	6.9591
2074	22.7	7.18401
2075	23.23	7.30459
2076	22.81	7.42118
2077	23.45	7.15734
2078	23.66	7.23356
2079	23.3	7.37225
2080	23.37	7.57318
2081	23.61	7.95725
2082	23.49	8.11726
2083	23.45	8.30467
2084	23.15	7.63986
2085	22.96	7.93967
2086	22.24	7.34046
2087	22.12	6.97177
2088	22.41	7.22786
2089	23.22	7.53071
2090	23.38	7.57203
2091	23.5	7.687
2092	22.9	7.56241
2093	23.24	7.77318
2094	22.96	7.3361
2095	22.86	7.68117
2096	23.32	7.93962
2097	22.95	8.42185
2098	22.6	7.47395
2099	23.16	7.43468
2100	23.04	7.25661
2101	23.23	7.42409
2102	23.15	7.57281
2103	23.03	7.63735
2104	23.67	8.06605
2105	23.59	7.33361
2106	23.07	6.98463
2107	23.29	6.95024
2108	22.93	6.97604
2109	23.12	7.26399
2110	23.09	7.29945
2111	22.69	7.04371
2112	22.62	6.97105
2113	23.16	7.24116
2114	22.56	7.27643
2115	22.97	7.14067
2116	22.62	7.31133
2117	23.11	7.45372
2118	23.53	7.44239
2119	23.26	7.56389
2120	23.42	7.99022
2121	23.6	8.18413
2122	23.67	7.80007
2123	23.98	8.15841
2124	23.65	7.78765
2125	23.55	7.63463
2126	22.88	7.17535
2127	22.38	7.30997
2128	22.43	7.33383
2129	23.12	7.16698
2130	23	7.17774
2131	23.43	7.31472
2132	23.62	7.73405
2133	24.07	7.98656
2134	24.09	8.43812
2135	24.56	8.56892
2136	23.86	8.40954
2137	23.78	8.60649
2138	23.74	8.22875
2139	23.2	7.9925
2140	23.18	6.99769
2141	23.05	7.14055
2142	22.8	7.34302
2143	22.46	7.62944
2144	22.08	7.22728
2145	22.24	7.29811
2146	22.17	7.29528
2147	22.72	7.63686
2148	21.93	7.03456
2149	22.21	7.41794
2150	22.36	7.36277
2151	22.75	7.25034
2152	23.03	7.1112
2153	22.93	7.4125
2154	23.14	7.43508
2155	22.27	6.84522
2156	22.53	6.83294
2157	21.73	6.84961
2158	22.56	7.00331
2159	22.78	6.95209
2160	22.58	6.88793
2161	22.96	6.82777
2162	23.05	7.34762
2163	23.3	7.67789
2164	23.14	6.77793
2165	23.34	7.15992
2166	23.12	7.5077
2167	22.85	7.6451
2168	22.19	6.67037
2169	21.55	6.27435
2170	21.57	5.82453
2171	21.39	6.1853
2172	21.74	6.48787
2173	22.53	6.57336
2174	22.81	6.77303
2175	22.74	6.88421
2176	22.44	6.81076
2177	23.36	6.92751
2178	22.82	6.93019
2179	23.51	6.92892
2180	24.04	7.11326
2181	23.9	7.71038
2182	24.2	8.03866
2183	23.73	8.34488
2184	23.7	8.41487
2185	23.84	8.27251
2186	23.76	8.24393
2187	23.52	8.51878
2188	24.23	8.71648
2189	24.19	8.80988
2190	23.66	9.20893
2191	23.14	9.03108
2192	22.89	8.09308
2193	22.46	7.58738
2194	22.1	7.73111
2195	22.68	8.22542
2196	22.33	8.38219
2197	22.79	8.50446
2198	22.63	8.69558
2199	22.77	8.65431
2200	22.52	8.72064
2201	22.53	8.3468
2202	23.15	8.46094
2203	22.93	8.5595
2204	23.59	8.75454
2205	23.66	8.99913
2206	24.01	9.13619
2207	23.59	9.3189
2208	23.27	9.33044
2209	23.58	9.42993
2210	23.51	9.3536
2211	23.6	9.72214
2212	22.82	8.70676
2213	22.29	8.84906
2214	22.44	8.80831
2215	23.09	8.94661
2216	23	9.12579
2217	22.36	7.91773
2218	22.74	8.20198
2219	23.08	8.39605
2220	22.84	8.60549
2221	23.33	9.03112
2222	22.92	8.67258
2223	22.76	8.55467
2224	23.32	8.72454
2225	23.45	7.6464
2226	23.57	7.39764
2227	22.93	7.86162
2228	23.37	8.01331
2229	23.5	7.9
2230	22.85	7.42883
2231	22.8	7.78588
2232	23.06	7.93325
2233	23.2	7.96743
2234	23.68	8.24485
2235	22.73	7.25928
2236	22.58	7.28722
2237	22.79	7.35431
2238	22.88	7.58984
2239	23.06	7.84451
2240	23.56	8.04403
2241	23.64	7.89623
2242	23.49	8.13203
2243	23.62	8.25322
2244	23.34	8.56063
2245	23.54	8.0454
2246	23.06	7.89154
2247	23.82	7.75936
2248	23.72	7.92853
2249	23.66	8.09965
2250	23.79	8.81169
2251	23.71	8.81963
2252	23.44	8.55023
2253	22.73	8.79529
2254	22.89	8.85426
2255	22.47	8.08635
2256	23.11	8.02732
2257	22.76	7.83086
2258	22.49	7.86066
2259	21.39	7.24692
2260	22.25	7.3299
2261	21.9	7.0562
2262	21.98	7.11053
2263	22.44	7.27368
2264	23.16	6.97527
2265	23.23	7.14682
2266	24.3	7.29178
2267	23.75	6.43953
2268	23.85	7.039
2269	24.17	7.51406
2270	24.35	7.7645
2271	24.05	7.73741
2272	24.09	8.01011
2273	23.53	8.1969
2274	24.69	8.31227
2275	24.53	8.57491
2276	24.77	8.80892
2277	24.18	8.50691
2278	23.94	8.93848
2279	24.32	8.72798
2280	23.75	8.7102
2281	23.35	7.93521
2282	23.49	7.7311
2283	23.51	8.13326
2284	23.67	8.3953
2285	23.5	8.5668
2286	23.7	8.73441
2287	23.94	8.83156
2288	23.88	9.19378
2289	23.74	9.1166
2290	23.13	8.03449
2291	23.15	8.11465
2292	22.47	7.2876
2293	22.25	7.3775
2294	22.71	6.86192
2295	22.87	7.24521
2296	23.61	7.50319
2297	23.92	7.92298
2298	24.67	8.3103
2299	24.24	8.52305
2300	24.24	8.69496
2301	23.74	8.44703
2302	23.36	8.14926
2303	23.24	8.44407
2304	22.44	7.3489
2305	22.7	6.73127
2306	21.75	6.68188
2307	21.58	5.79686
2308	21.46	5.96392
2309	22.06	5.62818
2310	22.33	5.53725
2311	22.76	5.85853
2312	22.69	6.65386
2313	23.16	6.74347
2314	23.67	6.66191
2315	24.1	7.09013
2316	24.25	7.22686
2317	24.29	8.1453
2318	22.97	7.22974
2319	22.2	7.18888
2320	22.76	6.98444
2321	22.84	7.05793
2322	23.09	7.30766
2323	23.42	7.53814
2324	23.58	7.47286
2325	23.46	7.52386
2326	22.89	7.7355
2327	22.41	7.14856
2328	23.18	7.50384
2329	23.11	7.50719
2330	23.67	7.44991
2331	23.74	7.03366
2332	23.17	7.32401
2333	22.66	7.14454
2334	23.52	7.4074
2335	23.35	7.76965
2336	23.35	7.96665
2337	23.74	8.41976
2338	24.42	8.58974
2339	24.75	8.57598
2340	24.86	9.24015
2341	24.7	9.3504
2342	24.82	9.7143
2343	24.53	9.73083
2344	24.13	9.14293
2345	24.77	9.18243
2346	24.57	9.79311
2347	24.36	9.96446
2348	23.6	9.29731
2349	23.93	9.08213
2350	23.89	8.83391
2351	22.98	8.13017
2352	22.67	7.85882
2353	22.7	8.29638
2354	22.35	7.80176
2355	22.76	7.61856
2356	23.54	7.64254
2357	23	6.64229
2358	23.51	7.00499
2359	22.88	6.77241
2360	22.95	6.48595
2361	22.62	6.62085
2362	23.39	6.71699
2363	23.7	6.98498
2364	22.38	6.65549
2365	22.82	7.25862
2366	22.29	6.82392
2367	22.61	6.85988
2368	22.84	7.52425
2369	23.02	7.62362
2370	22.64	7.64659
2371	22.42	7.69829
2372	22.14	7.42566
2373	22.79	7.57535
2374	22.95	7.61495
2375	23.2	7.82815
2376	22.91	7.84359
2377	22.87	8.19104
2378	22.79	7.97533
2379	23.16	8.22523
2380	23.51	8.00312
2381	24.04	8.35095
2382	23.59	8.14137
2383	23.16	7.88
2384	23.28	7.37032
2385	24.05	7.55827
2386	22.86	7.47398
2387	22.82	7.65425
2388	22.53	7.09712
2389	23.64	7.50935
2390	22.77	6.61794
2391	23.01	6.64454
2392	23.15	6.47669
2393	22.63	6.877
2394	22.95	6.71919
2395	23.39	7.16505
2396	24.1	7.52263
2397	24.9	7.36953
2398	24.91	7.25685
2399	24.71	7.57667
2400	25.07	7.98531
2401	24.05	8.37541
2402	24.29	8.77986
2403	23.91	8.57332
2404	24.44	8.73077
2405	24.49	8.96493
2406	24.77	9.31328
2407	24.36	9.44513
2408	24.31	9.51703
2409	24.63	9.56625
2410	24.37	9.22025
2411	24.27	8.90714
2412	23.71	8.7101
2413	23.68	8.84972
2414	23.94	9.33362
2415	24.46	9.11638
2416	23.47	9.44823
2417	23.62	9.65482
2418	24.12	9.44487
2419	24	8.90618
2420	22.72	8.07475
2421	23.12	8.02905
2422	23.16	8.26646
2423	23.49	8.50587
2424	24.18	8.4349
2425	23.65	8.53507
2426	23.73	8.9318
2427	22.72	8.45704
2428	22.92	8.61125
2429	23.99	8.67813
2430	23.04	8.7589
2431	22.75	7.96665
2432	22.46	7.96294
2433	22.27	7.06803
2434	22.41	7.20846
2435	21.56	6.11771
2436	21.74	6.18
2437	22	6.12699
2438	21.98	5.38327
2439	22.44	5.7729
2440	22.7	6.26498
2441	23.06	6.42934
2442	22.61	6.96261
2443	22.5	6.95485
2444	22.73	6.95968
2445	22.23	6.76144
2446	22.19	6.29555
2447	23.03	6.83879
2448	23.01	6.45057
2449	23.44	6.70421
2450	22.6	6.44205
2451	22.54	6.53976
2452	22.57	6.8136
2453	22.52	7.34912
2454	22.71	7.10253
2455	23.07	7.11935
2456	23.23	7.09768
2457	23.65	7.50516
2458	24.54	7.6999
2459	23.92	8.11379
2460	24.64	8.50002
2461	24.53	8.4693
2462	23.95	8.57948
2463	24.8	8.85212
2464	24.43	8.96354
2465	24.5	8.79375
2466	24.71	9.08768
2467	24.63	9.4495
2468	23.88	8.99809
2469	23.66	8.65935
2470	22.63	8.53657
2471	22.57	7.87814
2472	23.15	7.75161
2473	23.2	7.71103
2474	22.94	6.9883
2475	22.95	6.91863
2476	23.06	6.84663
2477	22.9	6.93758
2478	22.21	6.61256
2479	22.31	6.92488
2480	22.71	6.90839
2481	22.33	6.36405
2482	22.54	6.79032
2483	22.63	6.81858
2484	22.43	7.41519
2485	22.85	7.35034
2486	23.19	7.58379
2487	23.12	7.46228
2488	22.92	7.1087
2489	22.75	7.18662
2490	22.69	7.20235
2491	22.81	6.86541
2492	21.77	6.89181
2493	22.38	6.96101
2494	22.74	7.03366
2495	22.7	7.05479
2496	23.3	7.10282
2497	23.05	7.48649
2498	22.64	7.77241
2499	22.88	7.5872
2500	23.2	7.82049
2501	22.96	7.53514
2502	22.04	6.7571
2503	22.21	6.55026
2504	22.39	7.15108
2505	21.56	6.74288
2506	22.46	7.13081
2507	22.16	7.14384
2508	22.6	7.4686
2509	22.41	6.68296
2510	22.93	7.0785
2511	22.94	7.01972
2512	23.55	6.91285
2513	23.23	6.92655
2514	22.3	6.96348
2515	22.65	7.06452
2516	23.15	7.34626
2517	22.7	7.45721
2518	23.16	7.47358
2519	23.4	7.42159
2520	23.69	7.18567
2521	23.44	7.43548
2522	23.72	7.86013
2523	23.8	8.41784
2524	23.96	7.71611
2525	23.88	7.84255
2526	23.89	7.80755
2527	23.96	7.91949
2528	23.15	6.98767
2529	23.48	6.8476
2530	23.46	7.19642
2531	23.3	7.39121
2532	22.74	7.56124
2533	23.39	7.86116
2534	23.72	7.79112
2535	24.1	7.71816
2536	23.81	7.64552
2537	23.64	7.91267
2538	24.17	8.16585
2539	24.11	8.4828
2540	24.14	7.88799
2541	23.38	7.36448
2542	22.76	8.13157
2543	22.92	7.92045
2544	23.07	8.04395
2545	23.58	8.11071
2546	22.49	6.83154
2547	22.45	6.73702
2548	23.18	6.60512
2549	23.06	7.05382
2550	22.52	7.04767
2551	22.59	7.16812
2552	22.98	7.33482
2553	23.3	7.48665
2554	22.91	6.90955
2555	22.63	6.58127
2556	22.73	6.38883
2557	23.43	6.24541
2558	22.96	6.68868
2559	22.66	6.7738
2560	22.98	7.02848
2561	22.7	6.98498
2562	22.73	7.65487
2563	23.13	7.76744
2564	23.36	8.00939
2565	22.57	7.70098
2566	22.81	7.34125
2567	22.01	6.43971
2568	22.45	6.86058
2569	22.02	6.6618
2570	22.25	6.87804
2571	22.66	7.10383
2572	23.06	7.18585
2573	23.13	7.56393
2574	22.92	7.42251
2575	22.1	7.67007
2576	22.66	7.62525
2577	22.56	7.74251
2578	22.85	8.32391
2579	22.73	7.79853
2580	21.65	7.6451
2581	21.84	7.37661
2582	22.32	7.46174
2583	22.7	7.96932
2584	22.68	8.15338
2585	23.16	8.21185
2586	23.71	8.47384
2587	23.09	7.75512
2588	23.22	8.02693
2589	22.49	7.3573
2590	22.2	6.69627
2591	21.8	6.90652
2592	21.16	6.44472
2593	21.74	6.63418
2594	22.33	6.98291
2595	22.46	6.85918
2596	22.71	6.78571
2597	22.78	6.17346
2598	22.6	6.33404
2599	22.77	6.39039
2600	23.32	6.55573
2601	23.75	6.77993
2602	23.82	7.19358
2603	23.8	7.62889
2604	23.39	7.50053
2605	23	6.98284
2606	23.42	7.02023
2607	23.4	7.21665
2608	23.52	7.66483
2609	23.4	7.37292
2610	23.64	7.8301
2611	24.01	7.72333
2612	23.72	8.08465
2613	24.09	7.95751
2614	23.64	7.42094
2615	24.1	7.47864
2616	24.01	7.83262
2617	24.18	8.03415
2618	23.86	8.11544
2619	23.38	8.71296
2620	23.48	8.09504
2621	23.45	8.55497
2622	23.59	8.45824
2623	23.21	8.85697
2624	24.17	9.1968
2625	23.6	9.26607
2626	24.21	9.10746
2627	24.38	8.98975
2628	24	8.67986
2629	23.71	8.85471
2630	24.28	8.79213
2631	24.17	9.28015
2632	23.68	8.8565
2633	24.28	8.81825
2634	24.47	9.18527
2635	24.14	9.31989
2636	23.94	8.73364
2637	24.27	8.98872
2638	23.68	9.06408
2639	23.11	7.94719
2640	23.41	8.06734
2641	23.29	8.44902
2642	23.84	8.83371
2643	23.53	8.5422
2644	23.8	8.73041
2645	23.14	8.47233
2646	22.96	7.86755
2647	22.84	7.80733
2648	22.23	7.38628
2649	22.31	7.29479
2650	22.37	7.37246
2651	22.5	7.47596
2652	22.89	7.57746
2653	22.37	7.90146
2654	22.36	6.65661
2655	22.31	6.7152
2656	22.36	6.93328
2657	22.28	6.61828
2658	22.48	6.72678
2659	22.7	6.97065
2660	23.21	7.29561
2661	23.17	7.20008
2662	23.04	6.88755
2663	22.96	7.13431
2664	23.76	7.3391
2665	24.05	7.34353
2666	24.17	7.69033
2667	23.61	7.73808
2668	23.78	7.60339
2669	23.88	7.39091
2670	23.02	7.96992
2671	23	8.09074
2672	23.34	8.47847
2673	23.7	8.53288
2674	23.81	8.64372
2675	23.61	8.74745
2676	23.4	8.95433
2677	22.6	8.40595
2678	22.62	8.23624
2679	23.51	8.39225
2680	24.02	8.48408
2681	24.17	8.2717
2682	23.17	7.534
2683	23.45	7.65817
2684	22.71	7.45962
2685	22.55	6.89837
2686	22.43	7.09261
2687	22.39	7.11463
2688	22.67	7.3035
2689	22.9	7.6883
2690	23.24	7.89825
2691	23.66	8.20393
2692	23.05	8.19558
2693	22.67	7.82311
2694	22.7	7.93662
2695	22.07	7.6554
2696	22.51	7.85302
2697	22.22	7.68971
2698	22.79	7.8858
2699	22.3	7.32598
2700	21.92	6.66735
2701	22.01	7.04343
2702	22.17	7.14571
2703	22.81	6.99242
2704	23.5	7.10422
2705	23.22	7.45464
2706	23.59	7.6067
2707	23.13	7.37652
2708	24	7.67984
2709	24.11	8.2473
2710	24.46	8.65727
2711	24.28	8.73279
2712	24.12	8.42767
2713	24.39	8.64511
2714	24.18	8.23575
2715	24.49	8.34565
2716	24.09	8.16222
2717	23.65	8.48101
2718	24.1	8.44571
2719	23.55	8.69756
2720	23.91	8.98454
2721	24.12	9.20248
2722	23.87	8.67601
2723	23.38	8.67269
2724	23.74	9.02177
2725	23.46	8.88642
2726	23.45	8.94245
2727	22.9	8.34206
2728	23.13	8.31704
2729	23.65	8.38973
2730	23.22	8.40426
2731	23.05	7.97919
2732	22.68	7.64706
2733	22.37	7.64023
2734	23.45	7.85923
2735	23.92	7.74943
2736	23.56	7.42875
2737	23.59	7.61984
2738	23.35	7.45436
2739	23.86	7.70846
2740	23.21	7.50106
2741	23.18	7.36258
2742	23.41	7.31176
2743	23.15	6.76369
2744	23.16	6.5111
2745	23.92	6.83181
2746	24.31	7.18846
2747	23.59	7.47274
2748	23.47	7.87839
2749	22.62	7.90415
2750	22.47	7.96298
2751	22.59	8.31757
2752	22.49	8.26619
2753	22.53	8.38386
2754	23.16	8.42938
2755	22.47	7.21866
2756	21.95	7.21301
2757	22.21	7.25023
2758	22.22	7.67799
2759	22.03	6.75197
2760	22.28	6.93553
2761	22.72	7.40686
2762	22.99	7.54387
2763	22.97	7.16164
2764	23.32	7.39849
2765	23.46	7.87454
2766	23.62	7.96088
2767	23.66	8.33213
2768	23.95	8.5339
2769	23.53	8.31559
2770	23.5	7.9
2771	24.08	8.05938
2772	24.04	8.11285
2773	22.96	7.3701
2774	23.09	7.3377
2775	23.36	8.0629
2776	23.43	8.30934
2777	23.41	8.34517
2778	24.02	8.44036
2779	23.79	8.60034
2780	24.15	8.15521
2781	24.13	8.62282
2782	23.94	8.98534
2783	24.03	9.05257
2784	24.34	9.2717
2785	24.46	8.97153
2786	24.33	8.83975
2787	24.28	8.03876
2788	25.14	8.39883
2789	25.33	8.61168
2790	24.86	9.31023
2791	23.79	8.89415
2792	24.13	8.89118
2793	23.13	9.08917
2794	23.63	9.22242
2795	23.57	9.21982
2796	23.3	8.93476
2797	22.95	8.45739
2798	23.16	8.27734
2799	23.24	8.50191
2800	23.45	8.87736
2801	23.34	8.70542
2802	22.91	8.18791
2803	22.83	8.49359
2804	21.55	7.40456
2805	21.89	7.37549
2806	21.77	5.61757
2807	22.17	5.96331
2808	21.74	5.51837
2809	21.6	5.52268
2810	21.61	5.39054
2811	21.5	5.51815
2812	21.63	5.74744
2813	21.51	5.97912
2814	21.78	6.35229
2815	22.13	6.26683
2816	21.98	5.97993
2817	22.64	6.48925
2818	22.99	6.52456
2819	22.7	6.81689
2820	22.21	6.76357
2821	22.05	6.49365
2822	22.39	6.06942
2823	21.66	6.13387
2824	21.66	6.41283
2825	22.08	6.54779
2826	21.92	6.43534
2827	22.02	6.25776
2828	22.41	6.71431
2829	22.54	6.70137
2830	22.67	7.08668
2831	21.79	6.35499
2832	22.35	6.64436
2833	22.59	6.82363
2834	23.01	7.17843
2835	22.07	6.92568
2836	22.59	7.17091
2837	22.75	6.46587
2838	22.95	6.68936
2839	22.94	6.90626
2840	22.29	7.32024
2841	22.37	7.42921
2842	22.79	7.4556
2843	22.48	7.22424
2844	22.51	7.31778
2845	22.81	7.64682
2846	22.54	7.62157
2847	23	7.96869
2848	22.7	8.09259
2849	23.15	7.83885
2850	22.92	7.95196
2851	22.42	7.77198
2852	22.12	6.42539
2853	22.53	7.02347
2854	22.55	6.82404
2855	23.18	6.63382
2856	22.87	6.84493
2857	22.35	6.05702
2858	22.77	6.627
2859	23.22	6.72693
2860	22.83	6.73655
2861	22.28	6.78392
2862	22.69	6.79367
2863	22.49	6.30475
2864	22.36	6.2089
2865	22.39	6.39515
2866	22.5	6.66408
2867	21.91	6.51014
2868	22.75	6.97621
2869	23.13	6.97661
2870	23.14	6.50541
2871	23.04	6.60442
2872	22.99	6.60983
2873	22.45	6.99625
2874	23.31	7.17453
2875	22.82	6.53816
2876	22.48	7.15749
2877	23.07	7.12777
2878	22.33	7.31991
2879	22.74	7.16745
2880	22.38	6.44947
2881	21.78	6.60239
2882	22.38	6.87863
2883	21.73	6.32591
2884	21.37	6.43064
2885	21.91	5.96003
2886	22.5	5.77495
2887	22.73	6.30374
2888	22.43	5.90805
2889	22.86	6.35613
2890	22.86	6.5879
2891	23.36	6.85641
2892	23.44	7.26955
2893	23.16	7.17038
2894	23.21	7.6201
2895	22.59	7.67867
2896	22.76	7.62774
2897	23.44	7.90989
2898	24.3	7.96932
2899	24.22	8.57272
2900	24.91	8.85561
2901	23.84	8.93165
2902	23.53	8.29513
2903	23.22	7.96063
2904	21.82	7.12233
2905	22.15	7.06594
2906	21.63	6.27958
2907	21	5.66392
2908	21.56	6.19245
2909	21.55	6.38181
2910	21.68	7.00411
2911	22.43	6.66822
2912	22.38	6.67949
2913	22.21	6.55484
2914	23.12	6.60497
2915	22.74	6.58729
2916	22.61	6.55728
2917	22.68	6.28471
2918	23.09	6.8849
2919	22.96	6.79841
2920	23.12	6.20206
2921	22.71	6.51505
2922	22.96	7.04261
2923	22.52	6.77271
2924	23.18	6.97622
2925	22.86	7.14706
2926	23.47	7.21451
2927	23.62	7.62598
2928	23.84	8.00715
2929	23.16	8.15931
2930	22.91	7.73834
2931	23.23	7.8662
2932	23.34	8.18806
2933	23.38	8.00847
2934	23.07	8.08734
2935	23.16	8.01339
2936	22.4	7.50067
2937	23.29	7.87819
2938	22.6	8.13634
2939	22.59	7.62902
2940	22.96	7.1567
2941	23.46	7.40327
2942	22.87	7.48686
2943	22.93	7.45956
2944	22.7	7.1631
2945	22.91	7.2472
2946	23.28	7.52207
2947	22.66	7.4622
2948	21.98	7.40673
2949	22.21	7.59381
2950	22.79	7.58458
2951	23.23	7.59059
2952	22.71	7.31887
2953	22.84	7.31535
2954	22.63	7.32073
2955	23.09	7.29396
2956	23.16	7.10735
2957	23.52	7.34232
2958	22.98	7.42156
2959	22.75	7.85414
2960	23.36	8.05173
2961	23.13	8.11622
2962	23.05	8.35987
2963	23.58	8.87489
2964	23.77	8.54617
2965	23.97	8.68384
2966	24.69	8.96515
2967	24.9	9.1766
2968	24.77	9.2443
2969	25.2	9.24121
2970	24.82	8.9066
2971	24.98	9.13781
2972	24.12	9.09316
2973	23.22	8.07661
2974	23.44	8.25145
2975	23.47	7.91638
2976	23.09	8.49364
2977	23.62	8.4968
2978	23.17	7.63552
2979	23.51	8.05915
2980	23.31	8.09654
2981	23.18	8.07512
2982	23.93	8.10587
2983	23.94	7.908
2984	23.35	7.79792
2985	23	7.04699
2986	23.27	6.55569
2987	22.74	6.70764
2988	22.7	6.5261
2989	22.7	6.76979
2990	22.53	6.75197
2991	22.21	6.55331
2992	21.74	6.34763
2993	21.47	5.89653
2994	21.36	5.85921
2995	22.02	5.98829
2996	21.96	5.95805
2997	22.19	6.25251
2998	22.69	6.2637
2999	22.89	6.61195
3000	22.96	6.70659
3001	22.26	7.09312
3002	22.08	6.81422
3003	22.3	6.9
3004	22.5	7.28766
3005	22.56	7.73346
3006	22.21	7.43276
3007	22.88	7.55285
3008	21.14	6.92823
3009	21.91	6.95283
3010	22.31	6.98956
3011	22.67	7.3035
3012	23.21	7.50639
3013	22.38	7.10039
3014	22.58	7.49157
3015	22.56	7.77859
3016	22.95	7.69724
3017	22.95	7.78637
3018	23.91	8.11677
3019	23.36	7.49603
3020	23.18	7.61627
3021	22.95	6.99196
3022	22.96	7.05396
3023	23.47	7.33411
3024	23.96	7.55767
3025	23.62	6.59664
3026	23.77	6.90486
3027	24.08	7.54544
3028	24.11	7.97734
3029	23.78	8.1075
3030	23.41	8.20987
3031	22.19	7.43195
3032	22.23	7.13142
3033	22.39	6.90202
3034	22.65	7.00767
3035	23.07	7.24328
3036	23.07	7.26534
3037	22.55	7.46375
3038	22.13	6.9637
3039	22.24	6.92116
3040	22.08	6.46944
3041	21.96	5.96979
3042	22.07	6.11106
3043	22.32	6.50673
3044	22	6.56658
3045	22.63	6.5919
3046	22.72	6.42663
3047	22.56	6.5503
3048	23.35	7.08008
3049	23.73	7.55362
3050	23.7	7.6909
3051	24.28	7.94743
3052	24.94	8.34245
3053	24.6	8.46759
3054	24.35	8.79474
3055	24.34	8.9635
3056	24.31	8.29059
3057	24.65	8.41234
3058	24.06	8.5473
3059	24.15	9.08557
3060	23.69	9.14406
3061	23.73	9.65697
3062	22.68	8.39867
3063	23.42	8.44533
3064	22.96	7.82677
3065	23.41	7.86269
3066	22.98	7.72137
3067	22.37	7.28513
3068	22.07	7.73596
3069	22.42	7.49157
3070	22.4	7.12461
3071	22.6	7.23602
3072	23.1	7.56241
3073	23.88	7.87944
3074	22.92	7.10025
3075	22.89	6.86862
3076	23.34	7.12351
3077	24.25	7.24483
3078	24.8	7.4552
3079	25.28	7.60405
3080	25.8	7.99125
3081	25.76	8.96339
3082	25.5	9.27416
3083	24.61	9.46879
3084	25.08	9.54849
3085	24.29	9.5951
3086	24.9	9.80663
3087	24.04	9.24978
3088	23.43	8.9412
3089	24.15	9.03369
3090	23.89	9.29182
3091	24.04	9.35406
3092	23.99	9.38349
3093	23.62	9.22473
3094	23.9	9.48736
3095	24.51	10.1592
3096	24.75	10.1463
3097	25.11	10.1142
3098	25.46	10.2102
3099	25.18	10.3773
3100	24.9	9.48736
3101	24.6	9.47945
3102	23.25	8.16379
3103	23.3	8.35045
3104	23.65	8.59695
3105	23.09	8.56048
3106	23.26	8.03943
3107	23.28	8.80123
3108	23.36	8.43626
3109	22.52	7.40065
3110	23.28	7.80267
3111	22.72	6.61677
3112	22.61	6.7969
3113	22.59	6.9081
3114	22.9	7.16729
3115	22.66	6.64262
3116	23.17	6.90515
3117	22.31	6.45553
3118	22.36	6.64909
3119	22.97	6.97346
3120	22.89	7.07233
3121	23.19	7.30301
3122	23.4	7.63806
3123	23.78	7.78791
3124	23.67	7.42032
3125	23.27	7.75094
3126	23.39	7.91946
3127	23.73	7.9232
3128	23.96	7.83954
3129	23.69	8.11381
3130	24.01	8.18351
3131	24.29	8.34302
3132	24.23	8.75312
3133	24.49	8.956
3134	24.57	8.94903
3135	23.99	9.15477
3136	24.69	9.12436
3137	24.83	9.47529
3138	24.76	9.24675
3139	25.1	9.73088
3140	25.03	9.99945
3141	24.97	10.1168
3142	25.47	10.3841
3143	24.78	9.85655
3144	24.07	10.3104
3145	24.44	10.2638
3146	24.35	10.4416
3147	23.67	10.0569
3148	23.64	9.90204
3149	22.91	8.85448
3150	23.05	8.71823
3151	23.27	8.39745
3152	23.16	8.27251
3153	23.26	8.00452
3154	23.46	8.35275
3155	24.04	8.43791
3156	23.25	8.77767
3157	22.77	8.97202
3158	22.07	7.9237
3159	22.48	8.2298
3160	23.21	8.46557
3161	22.52	7.66222
3162	23.11	7.66407
3163	23.87	7.85195
3164	23.59	8.04748
3165	23.09	8.08714
3166	23.34	8.16483
3167	23.58	8.52899
3168	23.11	7.97734
3169	23.34	8.019
3170	23.06	7.77794
3171	23.09	7.94367
3172	22.85	7.79535
3173	22.24	7.27065
3174	22.14	6.99288
3175	22.39	7.41066
3176	22.56	6.94164
3177	22.59	6.79573
3178	22.9	6.47534
3179	23.36	6.72387
3180	23.2	7.06399
3181	23.01	7.59407
3182	23.84	7.81757
3183	24.22	7.99322
3184	24.19	7.88124
3185	24.72	8.05864
3186	24.59	8.59313
3187	24.4	8.49588
3188	24.53	8.3922
3189	24.12	8.59102
3190	23.87	8.64599
3191	24.51	8.78464
3192	24.47	9.14489
3193	24.78	9.22017
3194	24.48	9.21464
3195	23.98	9.24444
3196	23.6	9.32523
3197	23.12	8.69515
3198	24.12	8.79236
3199	23.62	8.3364
3200	23.14	7.79361
3201	24.05	7.68033
3202	23.82	7.72836
3203	23.75	8.16502
3204	23.74	8.22024
3205	23.71	8.4348
3206	23.46	8.94139
3207	23.06	8.88236
3208	23.44	8.47858
3209	22.75	6.97764
3210	22.83	7.12328
3211	23.31	6.89158
3212	22.31	6.70477
3213	22.66	6.72937
3214	23.09	7.03149
3215	22.38	6.85096
3216	22.96	7.06671
3217	23.12	6.63669
3218	23.15	6.83721
3219	22.86	7.03991
3220	23.2	7.34575
3221	23.44	7.63062
3222	22.67	7.70721
3223	22.07	6.80479
3224	22.06	6.83933
3225	22.53	6.81242
3226	23.25	6.63984
3227	23.17	6.92973
3228	22.32	6.44652
3229	22.35	6.59147
3230	22.97	6.84318
3231	23.08	7.13538
3232	23.36	7.4626
3233	23.83	7.53798
3234	23.84	7.67036
3235	23.78	7.77506
3236	23.67	8.29103
3237	24.52	8.43976
3238	24.39	7.97483
3239	24.91	8.4476
3240	24.63	8.53306
3241	24.94	8.60909
3242	24.11	8.6636
3243	24.12	8.02157
3244	23.53	7.76976
3245	23.42	7.74103
3246	23.13	7.45608
3247	23.87	7.63499
3248	22.39	6.90781
3249	22.3	6.78896
3250	22.08	6.47562
3251	21.99	6.47687
3252	21.92	6.5325
3253	22.68	6.85694
3254	21.79	6.25347
3255	21.47	6.25533
3256	21.6	6.46838
3257	21.92	6.71815
3258	22.02	6.4109
3259	22.77	6.68708
3260	22.82	6.79615
3261	23	6.79559
3262	23.01	6.98354
3263	22.41	7.04854
3264	22.98	7.23461
3265	23.07	7.32974
3266	23.67	7.27744
3267	23.55	7.68684
3268	23.49	7.6909
3269	22.54	6.85918
3270	22.93	6.86332
3271	22.95	6.60208
3272	21.76	6.32475
3273	22.22	5.85249
3274	22.32	6.28948
3275	22.12	6.11438
3276	22.2	6.09754
3277	21.73	6.25756
3278	22.2	6.48691
3279	21.67	6.13523
3280	21.58	6.38933
3281	21.9	6.21369
3282	21.83	6.03499
3283	22.41	6.24675
3284	22.59	6.62736
3285	21.91	6.04995
3286	21.99	6.15873
3287	21.58	5.40774
3288	21.73	5.92428
3289	21.85	6.05372
3290	21.77	5.96298
3291	22.13	6.12643
3292	21.53	6.26012
3293	22.24	6.12229
3294	22.28	5.97173
3295	22.27	6.28944
3296	22.26	6.47552
3297	22.58	6.71741
3298	22.28	6.76621
3299	22.87	6.99951
3300	23.13	6.91904
3301	22.17	7.03001
3302	21.77	6.62096
3303	21.16	6.28764
3304	21.32	6.43099
3305	21.77	6.27352
3306	21.54	5.75225
3307	21.45	5.97725
3308	21.2	5.81034
3309	21.27	5.46233
3310	21.73	5.87683
3311	22.69	6.22847
3312	23.08	6.45706
3313	23.19	6.66137
3314	22.75	6.75925
3315	22.74	6.8156
3316	21.97	7.19924
3317	22.49	6.9217
3318	23.07	7.26396
3319	22.46	6.72223
3320	22.59	6.78394
3321	22.55	6.52744
3322	23.04	7.06954
3323	23.45	7.28474
3324	23.25	7.46375
3325	23.47	7.62424
3326	23.7	7.71298
3327	22.63	7.60875
3328	23.01	7.94543
3329	23.31	8.19597
3330	22.65	8.18947
3331	22.18	7.80689
3332	22.65	8.13803
3333	22.63	8.0158
3334	22.29	7.47167
3335	22.07	7.32565
3336	22.12	7.37873
3337	22.04	7.03551
3338	22.02	6.7764
3339	22.06	6.85393
3340	21.64	6.92607
3341	22.07	6.94443
3342	22.02	6.84833
3343	22.57	7.02176
3344	22.87	7.33165
3345	22.43	7.52364
3346	23.58	7.47687
3347	22.37	6.44927
3348	22.89	6.76741
3349	23.23	6.93232
3350	23.04	7.46849
3351	23.37	7.6807
3352	23.72	7.88553
3353	24.36	8.27348
3354	24.99	8.64812
3355	25.24	8.82623
3356	24.85	9.183
3357	25.19	9.68266
3358	24.65	9.65751
3359	24.02	9.31341
3360	23.16	9.14956
3361	23.46	9.41002
3362	22.82	9.09657
3363	23.29	9.38328
3364	23.24	8.97231
3365	23.76	9.23485
3366	23.7	9.0824
3367	23.1	8.38868
3368	22.65	8.06892
3369	21.94	7.64175
3370	22.47	7.968
3371	21.83	6.72912
3372	22.03	6.59463
3373	22.2	6.81175
3374	22.11	6.93094
3375	22.92	6.9436
3376	22.54	6.92014
3377	22.21	7.03036
3378	23.02	7.0894
3379	23.69	7.29067
3380	23.73	7.62346
3381	23.86	7.55119
3382	24.44	7.68286
3383	24.3	8.23954
3384	24.09	7.70077
3385	24.7	8.15169
3386	24.35	8.42541
3387	24.29	8.14162
3388	23.71	8.56539
3389	23.63	8.18004
3390	23.75	8.3515
3391	24.16	7.93312
3392	24.21	8.29734
3393	23.51	7.816
3394	24.2	8.05605
3395	23.95	8.37063
3396	24.26	8.73226
3397	22.71	8.24899
3398	22.81	7.65075
3399	23.21	7.82214
3400	23.13	7.63237
3401	22.27	7.0652
3402	22.64	7.2395
3403	22.12	6.94158
3404	22.95	7.17409
3405	23.39	7.22481
3406	23.29	7.47702
3407	22.16	7.67557
3408	22.39	7.82674
3409	22.65	7.75677
3410	22.25	7.09701
3411	21.7	7.20069
3412	21.55	7.61889
3413	22.31	7.85709
3414	23.17	7.52204
3415	22.67	7.36214
3416	22.58	6.99883
3417	23.01	7.4236
3418	23.61	7.70441
3419	23.86	7.70587
3420	23.43	8.33577
3421	23.51	7.33416
3422	22.75	6.91863
3423	22.57	6.87496
3424	23.13	7.12412
3425	23.78	7.13383
3426	23.62	7.36312
3427	23.22	7.81867
3428	23.45	8.26967
3429	24.15	8.28538
3430	23.68	8.77825
3431	23.46	8.49049
3432	23.64	8.27589
3433	23.94	8.75079
3434	23.78	8.85842
3435	24.21	9.11405
3436	23.59	8.44523
3437	23.04	8.46867
3438	23.22	8.51537
3439	22.83	8.37025
3440	22.64	8.15048
3441	22.84	7.52824
3442	22.96	7.7652
3443	23.01	7.96052
3444	23.97	8.19934
3445	24.29	8.60383
3446	25.07	8.69857
3447	25.63	8.92486
3448	24.96	8.62429
3449	24.98	8.7258
3450	24.36	8.38155
3451	24.29	8.28166
3452	24.18	8.05156
3453	24.48	8.30118
3454	24.24	9.18272
3455	24.33	9.29952
3456	24.33	9.20984
3457	24.02	9.12796
3458	23.76	9.07868
3459	23.63	9.01294
3460	22.9	8.27587
3461	21.64	7.12534
3462	22.11	7.25795
3463	22.75	7.48782
3464	22.99	7.83645
3465	22.75	7.68033
3466	22.83	7.83333
3467	22.95	7.41401
3468	22.46	6.70436
3469	22.34	7.00888
3470	22.47	7.41411
3471	23	7.33621
3472	23.18	7.52513
3473	23.69	7.67814
3474	22.66	6.42218
3475	22.3	5.99416
3476	22.83	6.34359
3477	22.73	6.68708
3478	22.23	7.07369
3479	22.47	7.20896
3480	22.57	7.04877
3481	23.26	7.38596
3482	23.62	7.70945
3483	22.58	7.32008
3484	22.75	7.29435
3485	22.64	7.52
3486	23.29	7.62141
3487	22.92	7.29614
3488	22.97	7.3654
3489	22.46	7.55833
3490	22.23	7.87128
3491	22.46	7.98802
3492	22.36	7.8352
3493	22.55	7.71929
3494	22.25	7.16293
3495	21.91	7.10365
3496	22.03	7.23665
3497	22.78	7.43718
3498	23.05	7.74387
3499	23.33	8.07224
3500	24.11	8.28601
3501	23.36	8.17009
3502	22.84	7.58382
3503	22.66	7.89965
3504	23.1	7.74532
3505	23.21	7.60565
3506	23.47	7.8606
3507	22.46	7.1574
3508	22.81	7.44674
3509	22.93	6.76351
3510	23.15	7.08573
3511	23.01	6.77716
3512	22.96	6.60139
3513	22.61	6.35121
3514	22.57	6.6276
3515	22.39	6.8409
3516	21.76	6.76036
3517	22.43	6.78123
3518	22.76	7.41096
3519	22.21	6.89535
3520	22.5	7.27668
3521	22.84	6.98816
3522	23.12	6.68323
3523	22.67	6.96284
3524	23.21	6.96462
3525	22.45	7.21301
3526	22.44	7.26405
3527	22.09	6.7277
3528	21.78	5.74731
3529	21.85	5.60245
3530	22.12	5.9081
3531	21.82	5.96386
3532	21.99	6.09999
3533	22.25	6.35669
3534	21.87	6.09533
3535	22.01	6.31268
3536	22.19	6.59499
3537	22.45	6.86349
3538	22.86	7.29523
3539	22.39	7.10056
3540	23.16	7.24806
3541	22.59	6.45305
3542	22.05	7.05886
3543	21.91	6.74847
3544	21.74	6.48632
3545	21.57	6.20525
3546	22.16	6.46331
3547	22.03	6.47063
3548	21.86	5.52453
3549	22.36	5.89495
3550	22.72	6.11895
3551	22.82	6.58085
3552	23.32	6.85985
3553	23.56	7.21016
3554	23.96	7.56164
3555	24.31	7.78292
3556	24.15	7.64248
3557	24.31	8.02458
3558	24.22	8.10504
3559	23.53	8.35997
3560	22.02	7.53124
3561	22.08	7.15777
3562	22.44	7.30386
3563	21.78	7.13804
3564	21.23	6.47125
3565	21.81	6.49722
3566	22.4	6.63023
3567	22.52	6.56122
3568	22.74	6.51709
3569	22.14	6.42654
3570	22.04	6.32443
3571	22.79	6.66978
3572	22.73	6.91644
3573	22.64	7.04914
3574	22.21	7.19207
3575	21.62	6.15756
3576	22.02	5.79306
3577	22.05	5.81958
3578	21.76	5.82086
3579	22.47	5.99909
3580	22.49	6.07206
3581	22.19	5.95096
3582	22.33	6.16613
3583	21.72	5.97006
3584	21.96	5.91256
3585	22.05	5.71205
3586	21.9	5.71752
3587	21.99	5.98414
3588	21.59	5.9348
3589	21.75	5.8675
3590	22.42	5.96185
3591	21.85	5.93528
3592	22.06	5.65123
3593	22.08	5.99947
3594	22.09	6.20015
3595	22.74	6.54006
3596	23.17	6.66342
3597	22.78	6.81261
3598	23.28	6.86743
3599	23.34	7.22941
3600	22.92	7.35891
3601	23	7.50333
3602	22.4	7.56968
3603	22.98	7.66809
3604	22.25	7.40456
3605	22.32	7.56026
3606	22.34	7.43266
3607	22.61	7.64054
3608	23.52	7.92146
3609	23.79	8.15389
3610	23.23	8.56371
3611	22.94	8.13857
3612	23.36	8.32649
3613	22.77	7.88144
3614	22.99	7.02352
3615	22.73	6.5067
3616	23.36	6.67011
3617	23.18	6.16989
3618	23.28	6.6394
3619	23.57	7.16974
3620	23.01	7.40067
3621	23.02	7.34027
3622	23.56	7.33665
3623	23.77	7.42139
3624	23.56	7.63062
3625	23.32	7.30052
3626	23.89	7.23311
3627	23.46	7.07308
3628	24.27	7.0864
3629	24.17	7.79109
3630	24.05	7.84395
3631	23.71	7.36247
3632	22.98	7.328
3633	23.81	7.86345
3634	23.09	8.02508
3635	22.5	7.46927
3636	22.68	7.49917
3637	21.85	7.13915
3638	22.39	7.34152
3639	21.62	6.27022
3640	21.24	6.14186
3641	21.81	6.45243
3642	20.86	5.92962
3643	21.84	5.93923
3644	22.03	5.82487
3645	22.48	5.95731
3646	22.74	5.84401
3647	23.2	5.69737
3648	22.93	5.92496
3649	23.69	6.05755
3650	23.61	6.70656
3651	23.38	6.7034
3652	22.92	6.68981
3653	23.03	6.72675
3654	23.25	6.58236
3655	23.22	7.02649
3656	22.77	7.05387
3657	22.36	7.34373
3658	22.77	7.53639
3659	22.93	7.58321
3660	23.35	7.68163
3661	23.33	7.80135
3662	23.26	8.09768
3663	23.21	8.24172
3664	22.55	7.93142
3665	23.48	8.38031
3666	23.38	8.68191
3667	23.93	8.89523
3668	23.29	8.59685
3669	23.12	8.45846
3670	22.94	8.77476
3671	23.16	8.68645
3672	23.01	7.66485
3673	22.65	7.28612
3674	22.42	7.05291
3675	21.97	6.16515
3676	22.22	6.46928
3677	22.06	6.75103
3678	22.73	7.07793
3679	22.57	7.17113
3680	22.9	7.18123
3681	22.69	6.88287
3682	23.11	6.89912
3683	22.46	7.46381
3684	23.01	7.52263
3685	22.92	7.46415
3686	22.64	7.6714
3687	23.31	7.31669
3688	23.57	7.47563
3689	24.46	7.55701
3690	24.42	8.17702
3691	24.02	7.43233
3692	24.05	7.72188
3693	23.84	7.79708
3694	24.32	8.28599
3695	24.49	8.49529
3696	23.93	8.4844
3697	22.55	8.4503
3698	21.65	7.05886
3699	21.89	6.87444
3700	21.24	5.88408
3701	21.2	5.70438
3702	21.5	6.11146
3703	22.06	5.97632
3704	22.14	6.20164
3705	22.9	6.48768
3706	22.75	6.42242
3707	23.52	6.83298
3708	23.57	7.26258
3709	23.46	7.1027
3710	23.37	7.04366
3711	23.17	7.20147
3712	22.38	7.23848
3713	21.34	6.1599
3714	21.38	5.66706
3715	21.44	5.45586
3716	21.97	5.49264
3717	22.45	5.44495
3718	23.07	5.91482
3719	23.36	6.5154
3720	23.04	6.23044
3721	22.41	6.75736
3722	22.04	6.72149
3723	22.08	6.51718
3724	21.89	6.22719
3725	22.29	6.59893
3726	22.8	6.66633
3727	23.15	6.9891
3728	22.99	6.85783
3729	22.94	6.74955
3730	22.82	6.78584
3731	22	6.66333
3732	22.43	6.76647
3733	23.03	7.01492
3734	23.26	7.17721
3735	22.18	7.43556
3736	21.95	7.23377
3737	22.55	7.12794
3738	22.31	6.9781
3739	22.18	7.02336
3740	22.75	7.24483
3741	22.55	6.83283
3742	23.17	7.09515
3743	23.21	7.25575
3744	23.48	7.35048
3745	23.04	6.4186
3746	22.72	6.71875
3747	21.75	7.09419
3748	22.48	7.29997
3749	22.17	7.16108
3750	23	7.45654
3751	23.72	7.69686
3752	24.17	7.74346
3753	23.65	8.10231
3754	23.64	8.18965
3755	23.67	8.09575
3756	23.56	8.54204
3757	22.94	7.44019
3758	22.4	7.5233
3759	22.39	7.83057
3760	21.95	6.95899
3761	22.25	6.96617
3762	21.94	6.54037
3763	22.28	6.83239
3764	22.16	6.66291
3765	22.17	6.84113
3766	22.39	6.71103
3767	22.77	6.60887
3768	22.24	6.16461
3769	22.05	6.16989
3770	22.44	6.4441
3771	22.1	6.28411
3772	21.89	6.22558
3773	22.13	6.36185
3774	22.26	6.08214
3775	22.05	6.2151
3776	22.25	5.95546
3777	22.24	5.67648
3778	22.66	5.94343
3779	23.19	5.87996
3780	22.7	6.11964
3781	22.67	6.42037
3782	21.66	6.17288
3783	22.19	6.27167
3784	22.04	6.08099
3785	22.68	6.39981
3786	23.51	6.67906
3787	22.72	7.1191
3788	23.25	6.9518
3789	23.06	6.91783
3790	23.17	7.22642
3791	24.1	7.30274
3792	23.17	7.54461
3793	23.56	7.97411
3794	23.57	8.33097
3795	23.2	7.71492
3796	23.28	7.85504
3797	23.26	7.97448
3798	22.73	7.37815
3799	23.45	7.56356
3800	23.16	7.78809
3801	23.22	7.76219
3802	23.32	7.67448
3803	23.13	7.8723
3804	22.9	7.65049
3805	22.8	7.56439
3806	22.32	6.79835
3807	23.2	6.91954
3808	23.12	7.43139
3809	23.3	7.38309
3810	22.96	7.11044
3811	22.79	7.00899
3812	22.5	7.0746
3813	22.29	6.62162
3814	22.05	6.81817
3815	21.93	6.70709
3816	22.63	6.6282
3817	22.59	6.66498
3818	23.04	6.99131
3819	22.6	6.84982
3820	22.93	6.91557
3821	23.18	6.86641
3822	23.39	7.17342
3823	22.83	6.61673
3824	23.02	6.79997
3825	23.21	7.4462
3826	22.71	6.84148
3827	22.13	6.51714
3828	22.51	6.82275
3829	23.05	7.13355
3830	23.29	7.57667
3831	23.14	7.47264
3832	23.73	7.49113
3833	23.68	7.96603
3834	24.12	8.39795
3835	24.14	8.47705
3836	23.98	8.22798
3837	23.11	7.87133
3838	23.38	7.64039
3839	23.22	7.9468
3840	23.27	7.36866
3841	23.55	7.42614
3842	23.52	7.77879
3843	23.47	8.08017
3844	23.58	8.14516
3845	23.94	8.573
3846	23.19	8.54599
3847	22.88	8.75703
3848	23.05	8.99819
3849	23.08	8.96402
3850	23.23	8.35327
3851	23.65	8.42659
3852	23.41	7.79499
3853	23.59	8.20499
3854	23.06	8.56367
3855	23.31	8.53779
3856	22.6	8.05109
3857	22.44	7.5701
3858	21.83	6.64689
3859	21.11	5.80843
3860	21.79	5.94188
3861	21.96	6.05957
3862	22.28	6.01345
3863	23.03	5.80595
3864	23.63	5.9155
3865	23.31	6.35719
3866	23.19	6.31933
3867	22.14	6.03659
3868	22.32	6.45117
3869	22.82	6.76813
3870	23.34	6.81941
3871	23.23	6.69904
3872	23.48	6.96488
3873	23.22	6.81554
3874	23.73	7.59191
3875	23	7.60789
3876	22.75	7.80304
3877	23.44	7.70885
3878	23.54	7.80054
3879	23.46	7.92896
3880	23.33	7.91082
3881	24.04	8.36172
3882	24.15	8.11095
3883	23.48	7.95296
3884	23.28	7.86776
3885	23.69	7.89011
3886	24.87	7.96198
3887	24.08	7.92172
3888	23.93	8.38839
3889	23.71	8.80488
3890	23.79	8.61777
3891	23.86	8.64872
3892	24.37	8.86189
3893	24.39	8.78965
3894	24.4	8.56388
3895	23.48	8.86395
3896	23.87	9.10786
3897	23.15	8.57948
3898	22.63	8.37694
3899	22.77	8.39864
3900	22.95	8.60857
3901	22.41	7.13175
3902	22.54	7.65953
3903	21.93	6.86332
3904	22.54	6.72521
3905	21.96	6.37639
3906	21.87	6.50485
3907	21.96	6.58471
3908	21.79	6.19241
3909	22.2	6.4436
3910	22.01	6.52916
3911	22.33	6.19686
3912	22.3	6.3
3913	22.68	6.25601
3914	22.53	6.53522
3915	22.27	6.30532
3916	23.09	6.43132
3917	23.11	6.70059
3918	23.43	6.96025
3919	22.87	6.46785
3920	22.97	6.71037
3921	23.14	6.75133
3922	23.15	6.83721
3923	23.39	7.2978
3924	23.64	7.2395
3925	23.71	7.55552
3926	23.51	7.43437
3927	23	7.19444
3928	23.69	7.33443
3929	23.33	7.31991
3930	22.9	7.77496
3931	22.94	7.46568
3932	23.43	7.59639
3933	23.08	7.16893
3934	22.79	7.70752
3935	23.02	8.06223
3936	23.47	8.02553
3937	23.18	7.83885
3938	23.6	8.2547
3939	24.2	8.32586
3940	23.76	8.12911
3941	23.29	8.56189
3942	23.15	8.21508
3943	22.64	7.713
3944	22.45	7.8694
3945	21.93	7.08132
3946	22.58	7.40159
3947	22.56	6.65781
3948	22.65	7.12092
3949	22.41	7.33498
3950	22.51	7.27942
3951	22.74	7.46407
3952	22.73	7.01834
3953	23	7.25121
3954	22.82	7.4905
3955	22.2	7.04131
3956	21.8	7.20833
3957	22.58	7.0373
3958	22.58	7.12907
3959	22.1	6.18142
3960	21.99	6.68954
3961	22.53	6.7208
3962	22.12	6.82243
3963	22.78	6.89577
3964	22.64	6.7772
3965	22.81	7.03803
3966	22.3	6.91158
3967	22.93	7.1781
3968	23.06	7.37675
3969	22.73	7.78056
3970	23.1	7.43841
3971	22.19	7.27282
3972	21.85	7.13215
3973	22.66	7.34469
3974	22.48	6.81099
3975	22.43	6.75019
3976	22.83	6.7647
3977	23.42	7.06425
3978	21.75	6.29186
3979	21.95	6.01727
3980	21.83	6.28658
3981	22.59	6.18077
3982	23.29	6.33923
3983	23.44	6.76065
3984	23.62	7.00254
3985	24.22	7.36421
3986	23.86	7.13445
3987	24.34	7.50229
3988	23.91	7.3866
3989	23.63	7.9343
3990	24.06	8.00352
3991	24.58	7.94378
3992	24.38	8.16674
3993	23.34	7.95263
3994	24.01	8.00811
3995	23.32	8.59288
3996	23.57	8.3693
3997	23.31	8.2918
3998	23.98	8.51467
3999	23.72	8.24873
4000	23.62	8.35318
