1	18.91	1.53033
2	20.24	1.3124
3	21.51	1.45255
4	22.69	1.48118
5	24.3	1.54596
6	25.77	1.79919
7	27.03	1.83005
8	28.37	1.87965
9	29.77	2.14874
10	31.08	1.95796
11	32.4	2.14009
12	33.61	2.33621
13	34.83	2.11213
14	36.09	2.27198
15	37.36	2.16573
16	38.66	2.28132
17	39.84	2.44426
18	41.12	2.41777
19	42.1	2.48395
20	43.27	2.32747
21	44.45	2.3211
22	45.58	2.3924
23	46.72	2.25424
24	47.74	2.43154
25	48.67	2.32833
26	49.81	2.16654
27	51.01	2.22484
28	52.03	2.12346
29	52.77	2.08737
30	53.76	2.20509
31	54.66	2.17357
32	55.83	2.33262
33	56.5	2.13307
34	57.32	2.21305
35	58.35	2.0994
36	59.34	2.40923
37	60.15	2.66224
38	60.7	2.57876
39	61.53	2.55521
40	62.44	2.61656
41	63.32	2.58023
42	64.05	2.6396
43	64.84	2.7119
44	65.65	2.63581
45	66.21	2.58571
46	66.9	2.59037
47	67.77	2.73443
48	68.4	2.6533
49	69.17	2.67602
50	69.68	2.68283
51	70.08	2.73013
52	70.93	2.82579
53	71.58	2.97045
54	72.05	2.92703
55	72.69	2.96545
56	73.21	2.88893
57	73.69	2.89377
58	74.12	2.83648
59	74.45	2.88227
60	74.82	2.8579
61	75.26	2.89005
62	75.88	2.87152
63	76.29	2.89929
64	76.62	2.88021
65	77	2.94279
66	77.29	2.91306
67	77.74	2.95845
68	78.1	2.92746
69	78.39	2.91854
70	78.64	2.96486
71	78.97	2.97474
72	79.25	3.02448
73	79.5	3.03809
74	79.8	3.03974
75	80.19	2.97219
76	80.36	3.03157
77	80.6	3.0133
78	80.93	2.95721
79	81.16	2.91108
80	81.34	2.91966
81	81.57	2.95383
82	81.74	2.97194
83	81.97	2.93753
84	82.22	3.02516
85	82.42	2.99393
86	82.69	3.00897
87	82.99	2.94786
88	83.27	2.96262
89	83.45	2.96774
90	83.6	2.93939
91	83.81	2.94175
92	83.97	2.91704
93	84.2	2.93598
94	84.4	2.94958
95	84.57	2.93003
96	84.7	2.91376
97	84.91	2.8639
98	85.08	2.85545
99	85.25	2.8892
100	14.84	1.86397
101	15.77	1.72543
102	16.43	1.61403
103	17.3	1.61555
104	18.12	1.62653
105	19.15	1.93585
106	20.25	1.82414
107	21.68	1.85946
108	22.85	1.80762
109	24.02	1.89726
110	25.41	1.85524
111	26.69	2.00347
112	27.97	2.02215
113	29.28	2.16832
114	30.58	2.11272
115	31.89	1.97431
116	32.87	2.4603
117	34.23	2.44072
118	35.58	2.36296
119	36.76	2.34998
120	37.75	2.35531
121	38.94	2.28832
122	40.17	2.1957
123	41.44	2.21052
124	42.54	2.41835
125	43.75	2.42642
126	44.72	2.47419
127	45.78	2.51229
128	46.83	2.62319
129	47.68	2.53724
130	48.7	2.69629
131	49.6	2.79285
132	50.41	2.63475
133	51.47	2.71461
134	52.3	2.61725
135	53.34	2.47475
136	54.07	2.48296
137	54.85	2.71431
138	55.59	2.7644
139	56.4	2.65707
140	57.38	2.76688
141	58.31	2.81317
142	59.04	2.84928
143	59.8	2.8
144	60.53	2.86864
145	61.3	2.91033
146	61.86	3.01337
147	62.57	2.89916
148	63.29	3.10578
149	63.8	2.98664
150	64.47	3.25716
151	65.07	3.27797
152	65.77	3.22755
153	66.34	3.16613
154	66.99	3.00831
155	67.51	3.08381
156	68.05	3.26611
157	68.56	3.21969
158	69.04	3.12704
159	69.45	3.13169
160	69.85	3.22296
161	70.31	3.22706
162	70.9	3.3121
163	71.31	3.26403
164	71.67	3.24362
165	71.92	3.14859
166	72.36	3.23889
167	72.87	3.3035
168	73.3	3.30303
169	73.81	3.25483
170	74.14	3.23425
171	74.43	3.22879
172	74.78	3.20493
173	75.23	3.23992
174	75.49	3.30906
175	75.87	3.33963
176	76.22	3.39287
177	76.56	3.49377
178	76.76	3.43255
179	77.02	3.40288
180	77.3	3.39264
181	77.56	3.32361
182	77.86	3.35565
183	78.08	3.33071
184	78.41	3.35588
185	78.67	3.37951
186	78.89	3.36718
187	79.13	3.31257
188	79.37	3.39015
189	79.71	3.35647
190	79.95	3.27223
191	80.21	3.19467
192	80.46	3.20755
193	80.72	3.20961
194	80.91	3.15941
195	81.21	3.07016
196	81.42	3.0469
197	81.59	3.03017
198	81.78	3.09703
199	81.98	3.14636
200	14.87	1.91131
201	15.68	1.71977
202	16.4	1.73781
203	17.16	1.64754
204	18.13	1.70678
205	19.14	1.72638
206	20.2	1.64924
207	21.17	1.72659
208	22.68	1.76567
209	23.72	2.0004
210	25.1	1.92614
211	26.51	1.90523
212	27.96	1.92312
213	29.08	1.86376
214	30.5	1.81384
215	31.59	1.80053
216	32.61	1.77705
217	33.88	1.8291
218	35.09	1.97025
219	36.21	2.04105
220	37.64	2.16111
221	38.69	2.07699
222	39.98	2.24491
223	41.1	2.20227
224	42.2	2.2891
225	43.18	2.09943
226	44.04	2.14905
227	45.19	2.22574
228	46.21	2.25962
229	47.15	2.25998
230	48.12	2.19672
231	49.24	2.25885
232	50.06	2.40341
233	50.95	2.23327
234	52.11	2.42031
235	52.88	2.43014
236	53.6	2.4
237	54.81	2.54439
238	55.63	2.49261
239	56.44	2.51523
240	57.16	2.30963
241	57.97	2.53162
242	58.73	2.39522
243	59.5	2.5632
244	60.3	2.57876
245	61.15	2.68095
246	61.91	2.72064
247	62.65	2.65471
248	63.29	2.70664
249	64.01	2.61723
250	64.48	2.65134
251	65.22	2.8092
252	65.69	2.68959
253	66.37	2.78444
254	66.8	2.79643
255	67.4	2.93258
256	67.95	2.98789
257	68.45	3.10604
258	68.87	3.01216
259	69.31	3.08122
260	69.82	3.09315
261	70.26	3.12608
262	70.77	3.21514
263	71.32	3.23382
264	71.63	3.13578
265	72.01	3.14482
266	72.38	3.34598
267	72.8	3.35261
268	73.21	3.40968
269	73.57	3.34142
270	73.99	3.37193
271	74.35	3.35373
272	74.56	3.46503
273	74.97	3.4277
274	75.33	3.55824
275	75.6	3.48712
276	75.83	3.48154
277	76.22	3.46289
278	76.52	3.47989
279	76.8	3.45543
280	77.12	3.48792
281	77.51	3.46553
282	77.78	3.54565
283	78.05	3.55352
284	78.31	3.50056
285	78.59	3.46438
286	78.76	3.5217
287	79.05	3.5281
288	79.23	3.46079
289	79.53	3.46253
290	79.8	3.4176
291	80.08	3.4574
292	80.35	3.42162
293	80.68	3.42894
294	80.91	3.43539
295	81.15	3.45072
296	81.38	3.4111
297	81.62	3.45769
298	81.91	3.44991
299	82.16	3.33682
300	14.86	2.10723
301	15.92	1.82581
302	16.66	1.80122
303	17.66	1.65058
304	18.32	1.73136
305	19.29	1.88306
306	20.39	1.74869
307	21.6	1.93391
308	22.87	1.91653
309	23.91	1.90313
310	25.18	1.86751
311	26.52	1.98736
312	27.89	1.91256
313	29.31	2.0479
314	30.72	2.38361
315	32.05	2.04634
316	33.17	1.96497
317	34.25	2.06095
318	35.6	2.31084
319	36.79	2.18767
320	37.84	2.18961
321	39.08	2.33529
322	40.01	2.38116
323	41.23	2.2621
324	42.19	2.26581
325	43.32	2.37015
326	44.43	2.40522
327	45.52	2.33015
328	46.49	2.41866
329	47.68	2.46933
330	48.73	2.54894
331	49.51	2.71844
332	50.61	2.83159
333	51.64	2.69637
334	52.59	2.71328
335	53.37	2.69687
336	54.3	2.73313
337	55.04	2.72734
338	55.91	2.73165
339	56.86	2.80007
340	57.57	2.82579
341	58.46	2.5196
342	59.21	2.63171
343	59.89	2.71623
344	60.72	2.93626
345	61.56	2.93367
346	62.12	2.7759
347	62.86	2.6609
348	63.53	2.67752
349	64.04	2.653
350	64.72	2.67985
351	65.28	2.7462
352	65.82	2.84387
353	66.56	2.98101
354	67	2.95973
355	67.54	2.99473
356	68.17	2.91909
357	68.78	3.03177
358	69.24	3.04998
359	69.76	3.14363
360	70.24	3.03025
361	70.59	2.99698
362	71.04	3.18094
363	71.6	3.21248
364	72.02	3.31656
365	72.39	3.18086
366	72.78	3.17987
367	73.23	3.14279
368	73.58	3.15652
369	73.91	3.23449
370	74.32	3.36119
371	74.73	3.38188
372	74.99	3.25421
373	75.31	3.29149
374	75.56	3.27206
375	75.89	3.23696
376	76.18	3.17295
377	76.41	3.3018
378	76.74	3.21441
379	77.01	3.19842
380	77.23	3.24301
381	77.57	3.32642
382	77.9	3.32114
383	78.23	3.34621
384	78.5	3.39559
385	78.83	3.3198
386	79.03	3.2633
387	79.24	3.30793
388	79.53	3.33903
389	79.75	3.24461
390	80.02	3.28932
391	80.24	3.26839
392	80.44	3.25367
393	80.67	3.20953
394	80.91	3.20654
395	81.08	3.18647
396	81.26	3.13567
397	81.57	3.14724
398	81.74	3.16108
399	81.91	3.09869
400	14.46	1.75168
401	15.71	1.62662
402	16.55	1.66958
403	17.27	1.65442
404	18.16	1.68357
405	19.03	1.66406
406	20.27	1.66045
407	21.46	1.59637
408	22.73	1.64836
409	24.07	2.06036
410	25.24	2.07904
411	26.63	2.12911
412	27.9	2.42281
413	29.31	2.33107
414	30.63	2.36074
415	31.88	2.38864
416	32.92	2.13392
417	34.3	2.04695
418	35.31	1.96314
419	36.49	2.10948
420	37.77	2.21294
421	38.86	2.2182
422	40.17	2.31972
423	41.06	2.17633
424	42.08	2.20309
425	43.16	2.41959
426	44.14	2.56912
427	45.44	2.65074
428	46.38	2.5091
429	47.26	2.55586
430	48.33	2.50621
431	49.31	2.57175
432	50.41	2.4702
433	51.35	2.39739
434	52.33	2.42097
435	53.27	2.46923
436	54.12	2.32069
437	54.93	2.38434
438	55.81	2.44416
439	56.5	2.45153
440	57.43	2.62776
441	58.18	2.64719
442	58.93	2.79376
443	59.77	2.77797
444	60.48	2.70363
445	61.02	2.64945
446	61.7	2.64386
447	62.42	2.69881
448	63.18	2.79421
449	63.82	2.78345
450	64.43	2.8116
451	65.01	2.80177
452	65.67	2.87769
453	66.21	2.81174
454	66.93	2.91292
455	67.5	2.93087
456	68.17	2.88116
457	68.68	2.95594
458	69.13	3.03531
459	69.48	3.02483
460	70.09	3.02025
461	70.61	3.05252
462	70.97	2.94433
463	71.38	3.08149
464	71.85	3.20429
465	72.22	3.08409
466	72.6	3.06594
467	73.06	3.17433
468	73.44	3.10587
469	73.88	3.03407
470	74.22	3.16727
471	74.52	3.24185
472	74.91	3.19404
473	75.22	3.21739
474	75.6	3.23419
475	76.01	3.09676
476	76.31	3.09094
477	76.54	3.03453
478	76.81	3.07147
479	77.15	3.10604
480	77.46	3.05752
481	77.8	3.07246
482	78.1	3.01164
483	78.45	3.00125
484	78.67	2.98347
485	78.87	3.01216
486	79.1	2.93428
487	79.38	2.89061
488	79.64	2.84788
489	79.97	2.79448
490	80.15	2.72534
491	80.43	2.66179
492	80.7	2.76586
493	80.87	2.76642
494	81.16	2.75942
495	81.38	2.70474
496	81.61	2.72358
497	81.9	2.71477
498	82.11	2.74916
499	82.38	2.65624
500	15.07	1.94039
501	15.93	1.89871
502	16.62	1.85354
503	17.35	1.57083
504	18.1	1.65227
505	18.98	1.63695
506	19.95	1.62096
507	21.09	1.63765
508	22.18	1.69929
509	23.94	1.96886
510	25.14	1.80566
511	26.35	1.89407
512	27.55	1.941
513	28.94	1.96886
514	30.14	1.93401
515	31.28	2.06436
516	32.85	2.36379
517	33.98	2.34085
518	35.09	2.28515
519	36.3	2.2561
520	37.2	2.31948
521	38.39	2.31471
522	39.76	2.34572
523	41	2.35797
524	41.92	2.15258
525	42.87	2.28322
526	44.2	2.2891
527	45.16	2.18046
528	46.4	2.24944
529	47.3	2.30434
530	48.2	2.42074
531	49.32	2.64908
532	50.38	2.69733
533	51.42	2.60837
534	52.24	2.5303
535	53.05	2.80847
536	54.07	2.86794
537	54.66	2.71743
538	55.53	2.60559
539	56.47	2.54344
540	57.16	2.64469
541	57.97	2.74392
542	58.78	2.77698
543	59.55	2.6884
544	60.38	3.07174
545	61.09	2.9499
546	61.75	3.02118
547	62.5	3.1
548	63.2	3.07896
549	63.91	3.02356
550	64.5	3.02159
551	65.13	2.89708
552	65.67	2.99685
553	66.23	2.92183
554	66.87	2.85536
555	67.46	2.89972
556	68.01	2.91374
557	68.49	2.98159
558	68.85	3.05737
559	69.39	3.12696
560	69.98	3.21241
561	70.37	3.04518
562	70.87	3.07784
563	71.31	3.1135
564	71.62	3.22112
565	72.05	3.24461
566	72.36	3.15759
567	72.78	3.18929
568	73.05	3.0639
569	73.54	3.0444
570	73.89	3.13016
571	74.35	3.14762
572	74.62	3.19931
573	74.91	3.10836
574	75.2	3.17805
575	75.48	3.06425
576	75.79	3.04071
577	76.17	3.07264
578	76.47	3.21078
579	76.71	3.30241
580	76.95	3.25692
581	77.26	3.23302
582	77.59	3.17835
583	77.85	3.19492
584	78.1	3.21714
585	78.35	3.27834
586	78.6	3.19374
587	78.85	3.16978
588	79.11	3.22458
589	79.3	3.30606
590	79.61	3.21837
591	79.91	3.21899
592	80.15	3.15079
593	80.45	3.17608
594	80.61	3.14291
595	80.81	3.1359
596	81.02	3.14
597	81.36	3.0709
598	81.57	3.07654
599	81.74	3.09393
600	14.99	2.00247
601	16.2	1.70294
602	16.84	1.56665
603	17.47	1.65804
604	18.44	1.66925
605	19.25	1.60857
606	20.27	1.59909
607	21.31	1.34681
608	22.78	1.69458
609	24.15	1.68745
610	25.25	1.59609
611	26.5	1.74069
612	27.75	1.69337
613	29.2	1.93391
614	30.48	1.89462
615	31.7	1.99249
616	33.02	1.70282
617	34.25	2.10416
618	35.37	2.04771
619	36.52	2.09514
620	37.84	2.26592
621	38.91	2.07892
622	39.96	2.18596
623	41.01	2.03713
624	42.06	2.29268
625	43.42	2.51468
626	44.41	2.62715
627	45.62	2.525
628	46.63	2.50462
629	47.5	2.38537
630	48.41	2.44988
631	49.35	2.31679
632	50.25	2.41402
633	51.12	2.41363
634	51.96	2.47354
635	52.78	2.40657
636	53.62	2.35703
637	54.44	2.49528
638	55.49	2.62486
639	56.36	2.58658
640	57.05	2.56271
641	57.75	2.72534
642	58.52	2.8195
643	59.35	2.6244
644	60.21	2.6241
645	60.84	2.74489
646	61.61	2.80319
647	62.3	2.93087
648	63	2.9189
649	63.55	2.89612
650	64.09	2.96005
651	64.8	2.88444
652	65.46	2.92034
653	66.29	2.87157
654	66.78	2.94815
655	67.19	2.94854
656	67.82	3.00127
657	68.25	3.00458
658	68.66	2.99072
659	69.13	3.0221
660	69.55	3.15079
661	69.96	3.23394
662	70.58	3.02714
663	70.95	3.08342
664	71.17	3.13067
665	71.68	3.12692
666	72.07	3.21638
667	72.36	3.24506
668	72.8	3.27414
669	73.15	3.36861
670	73.5	3.28786
671	73.86	3.34969
672	74.16	3.26411
673	74.51	3.2848
674	74.85	3.32077
675	75.24	3.38562
676	75.59	3.3885
677	75.95	3.36861
678	76.25	3.32979
679	76.48	3.30297
680	76.82	3.31777
681	77.16	3.28853
682	77.36	3.36012
683	77.62	3.39641
684	78	3.41467
685	78.25	3.3775
686	78.49	3.37489
687	78.73	3.41718
688	78.9	3.34515
689	79.16	3.49205
690	79.41	3.42956
691	79.63	3.43411
692	79.89	3.38495
693	80.18	3.3597
694	80.35	3.26917
695	80.67	3.33483
696	80.81	3.29756
697	81.04	3.26778
698	81.25	3.23226
699	81.53	3.20766
700	14.47	1.91026
701	16.31	1.98844
702	16.99	1.89997
703	17.63	1.72427
704	18.37	1.83115
705	19.38	1.80433
706	20.46	1.89958
707	21.71	1.7905
708	22.68	1.83782
709	24.36	2.06649
710	25.74	1.9981
711	26.94	2.07759
712	28.31	2.24809
713	29.46	2.14672
714	30.48	2.05173
715	31.62	2.18989
716	32.93	2.21475
717	34.27	2.13474
718	35.41	2.10758
719	36.65	2.18804
720	37.62	2.18531
721	39.01	2.43514
722	40.22	2.49632
723	41.18	2.54708
724	42.18	2.58217
725	43.4	2.62679
726	44.53	2.81231
727	45.47	2.52371
728	46.74	2.80221
729	48.04	2.76014
730	48.99	2.56708
731	49.85	2.78702
732	50.91	2.61952
733	51.62	2.46893
734	52.54	2.66616
735	53.67	2.67602
736	54.55	2.48345
737	55.37	2.741
738	56.19	2.62943
739	57.11	2.76368
740	57.94	2.81716
741	58.93	2.94026
742	59.58	2.66526
743	60.39	2.69405
744	61.06	2.88382
745	61.79	2.89584
746	62.41	3.02356
747	63.23	2.91841
748	63.91	2.97689
749	64.46	2.90661
750	65.06	2.84542
751	65.64	2.84084
752	66.15	2.83328
753	66.73	2.8385
754	67.28	2.92944
755	67.71	2.87505
756	68.32	2.92192
757	68.91	2.92607
758	69.39	3.1045
759	69.88	3.13139
760	70.27	3.14279
761	70.82	3.1157
762	71.23	3.13642
763	71.7	3.19218
764	72.06	3.21814
765	72.46	3.12224
766	72.84	3.18346
767	73.22	3.16727
768	73.57	3.19767
769	73.85	3.14762
770	74.27	3.17129
771	74.61	3.18715
772	74.93	3.16624
773	75.21	3.2165
774	75.54	3.21378
775	75.97	3.15739
776	76.28	3.07922
777	76.6	3.1273
778	76.91	3.1308
779	77.19	3.14228
780	77.48	3.07727
781	77.65	3.0996
782	77.99	3.05449
783	78.24	3.09555
784	78.59	3.10514
785	78.84	3.10071
786	79.12	3.07011
787	79.36	3.07415
788	79.61	3.01959
789	79.8	3.00998
790	79.99	3.00165
791	80.4	2.93598
792	80.66	2.8852
793	80.85	2.95423
794	81.04	2.95946
795	81.3	2.95466
796	81.51	2.92744
797	81.7	2.91376
798	81.91	2.87783
799	82.13	2.79519
800	15.15	2.28199
801	16.41	2.21854
802	16.98	2.02475
803	17.79	1.95599
804	18.49	1.91047
805	19.48	2.01236
806	20.6	1.86011
807	21.77	1.88072
808	23.07	1.90921
809	24.18	1.6934
810	25.37	1.70678
811	26.68	1.9436
812	27.81	1.96822
813	29.06	2.19007
814	30.21	2.06056
815	31.38	2.09657
816	32.72	2.0692
817	34.19	2.27901
818	35.35	2.42229
819	36.2	2.23159
820	37.53	2.41021
821	38.54	2.42248
822	39.64	2.22944
823	40.66	2.22809
824	41.68	2.38277
825	42.81	2.45233
826	43.91	2.51434
827	45.06	2.54488
828	45.88	2.41363
829	46.98	2.5099
830	47.91	2.64611
831	48.72	2.4903
832	49.73	2.48135
833	50.68	2.449
834	51.65	2.57827
835	52.54	2.46747
836	53.56	2.58581
837	54.56	2.76521
838	55.49	2.6514
839	56.21	2.8506
840	57.17	2.80377
841	57.77	2.66028
842	58.23	2.69019
843	59	2.75681
844	59.64	2.86189
845	60.44	2.89593
846	61.11	2.96613
847	61.73	3.03597
848	62.44	3.16645
849	62.84	3.0585
850	63.53	3.15739
851	64.29	3.08964
852	64.86	3.04309
853	65.5	3.04467
854	66.14	2.99339
855	66.58	2.96034
856	67.15	3.04426
857	67.81	3.02223
858	68.24	3.02033
859	68.82	3.09638
860	69.22	3.05804
861	69.85	3.15397
862	70.25	3.14444
863	70.62	3.23351
864	71.09	3.2003
865	71.43	3.14406
866	71.81	2.99231
867	72.29	3.09611
868	72.73	3.12043
869	73.12	3.26888
870	73.52	3.22949
871	73.89	3.27992
872	74.2	3.27109
873	74.53	3.21389
874	74.82	3.15081
875	75.12	3.20087
876	75.45	3.21675
877	75.81	3.18966
878	76.08	3.12628
879	76.33	3.09856
880	76.68	3.07207
881	77.05	3.09314
882	77.34	3.1248
883	77.59	3.16574
884	77.88	3.14096
885	78.1	3.1289
886	78.44	3.10587
887	78.65	3.1285
888	78.88	3.07987
889	79.12	3.10574
890	79.37	2.99217
891	79.73	3.02276
892	79.97	3.02144
893	80.2	3.00998
894	80.51	3.04465
895	80.71	3.0176
896	80.97	2.94094
897	81.17	2.9734
898	81.39	2.94922
899	81.63	2.93821
900	14.96	1.83804
901	16.1	1.68819
902	16.82	1.70517
903	17.4	1.52315
904	18.11	1.58047
905	19.04	1.75454
906	20.18	1.64548
907	21.24	1.68
908	22.42	1.69812
909	24.08	2.03313
910	25.12	2.13204
911	26.41	1.93956
912	27.73	1.72543
913	28.88	1.77358
914	30.21	2.00147
915	31.82	1.94618
916	32.87	1.82568
917	33.95	1.941
918	35.24	2.11244
919	36.44	2.09914
920	37.62	2.05806
921	38.7	2.09523
922	39.79	2.17851
923	40.99	2.161
924	42.22	2.27851
925	43.32	2.28421
926	44.46	2.42248
927	45.49	2.38535
928	46.4	2.33666
929	47.55	2.2198
930	48.6	2.24054
931	49.55	2.33399
932	50.37	2.23452
933	51.33	2.44563
934	52.45	2.37645
935	53.3	2.45153
936	54.18	2.38487
937	55.1	2.48797
938	55.93	2.49902
939	56.64	2.53976
940	57.64	2.65526
941	58.17	2.52608
942	59.02	2.50192
943	59.61	2.58416
944	60.44	2.58581
945	61.22	2.7261
946	62.01	2.67393
947	62.58	2.68395
948	63.2	2.61916
949	63.87	2.61402
950	64.53	2.61325
951	65.07	2.57393
952	65.83	2.5458
953	66.36	2.63636
954	66.88	2.70658
955	67.49	2.6814
956	68.04	2.81041
957	68.72	2.82517
958	69.1	2.84077
959	69.58	2.82199
960	69.98	2.87047
961	70.45	2.95085
962	70.86	2.9867
963	71.28	3.0202
964	71.62	3.01921
965	72.08	2.99893
966	72.56	3.14744
967	72.89	3.24005
968	73.27	3.21514
969	73.73	3.26758
970	74.05	3.28748
971	74.42	3.32018
972	74.82	3.22298
973	75.08	3.22701
974	75.4	3.21559
975	75.7	3.19844
976	75.92	3.12947
977	76.3	3.1225
978	76.57	3.182
979	76.94	3.18063
980	77.16	3.26717
981	77.41	3.29574
982	77.63	3.24547
983	77.86	3.24968
984	78.1	3.2665
985	78.4	3.2619
986	78.65	3.25077
987	78.9	3.26956
988	79.2	3.24962
989	79.41	3.25606
990	79.71	3.27504
991	79.91	3.27138
992	80.1	3.19844
993	80.28	3.14668
994	80.52	3.11923
995	80.72	3.06294
996	80.99	3.05776
997	81.19	3.01229
998	81.41	3.01694
999	81.62	2.925
1000	85.25	2.8892
1001	85.25	2.8892
1002	85.25	2.8892
1003	85.26	2.89351
1004	85.26	2.89351
1005	85.27	2.90122
1006	85.27	2.90122
1007	85.27	2.90122
1008	85.29	2.90274
1009	85.29	2.90274
1010	85.3	2.88617
1011	85.3	2.88617
1012	85.3	2.88617
1013	85.3	2.88617
1014	85.3	2.88617
1015	85.3	2.88617
1016	85.3	2.88617
1017	85.3	2.88617
1018	85.3	2.88617
1019	85.3	2.88617
1020	85.3	2.88617
1021	85.3	2.88617
1022	85.31	2.88685
1023	85.32	2.88402
1024	85.33	2.88463
1025	85.35	2.89957
1026	85.36	2.90352
1027	85.38	2.90097
1028	85.45	2.91676
1029	85.47	2.95112
1030	85.58	2.94679
1031	85.73	2.8874
1032	85.97	2.8265
1033	86.08	2.82376
1034	86.24	2.804
1035	86.43	2.79376
1036	86.63	2.77364
1037	86.85	2.73998
1038	87.09	2.70959
1039	87.35	2.6244
1040	87.55	2.58215
1041	87.69	2.54045
1042	87.9	2.49199
1043	88.15	2.43875
1044	88.35	2.43875
1045	88.55	2.41402
1046	88.74	2.40674
1047	88.99	2.44334
1048	89.16	2.48483
1049	89.31	2.42774
1050	89.47	2.4019
1051	89.68	2.33187
1052	89.74	2.33075
1053	89.96	2.38713
1054	90.07	2.41352
1055	90.23	2.3531
1056	90.31	2.33536
1057	90.51	2.3173
1058	90.65	2.2951
1059	90.8	2.30651
1060	90.89	2.32334
1061	91.07	2.29893
1062	91.2	2.30217
1063	91.31	2.26139
1064	91.45	2.25998
1065	91.6	2.27156
1066	91.64	2.28701
1067	91.73	2.33176
1068	91.85	2.27761
1069	91.97	2.28235
1070	92.11	2.2755
1071	92.23	2.27532
1072	92.33	2.2762
1073	92.41	2.28515
1074	92.49	2.31299
1075	92.62	2.30122
1076	92.69	2.2834
1077	92.85	2.24666
1078	92.97	2.21113
1079	93.09	2.16377
1080	93.21	2.15079
1081	93.31	2.17575
1082	93.43	2.16912
1083	93.51	2.16562
1084	93.57	2.17833
1085	93.68	2.12075
1086	93.79	2.15543
1087	93.87	2.14781
1088	93.98	2.12594
1089	94.09	2.11232
1090	94.19	2.04301
1091	94.35	1.99687
1092	94.43	2.04575
1093	94.47	2.04184
1094	94.54	2.03185
1095	94.62	2.01881
1096	94.67	2.00027
1097	94.79	1.99146
1098	94.9	1.9975
1099	95.03	2.00726
1100	81.98	3.14636
1101	81.99	3.15117
1102	81.99	3.15117
1103	81.99	3.15117
1104	82	3.16228
1105	82	3.16228
1106	82.01	3.17331
1107	82.01	3.17331
1108	82.01	3.17331
1109	82.02	3.16853
1110	82.02	3.16853
1111	82.06	3.19318
1112	82.07	3.19141
1113	82.07	3.19141
1114	82.07	3.19141
1115	82.07	3.19141
1116	82.08	3.19274
1117	82.08	3.19274
1118	82.09	3.17835
1119	82.09	3.17835
1120	82.09	3.17835
1121	82.09	3.17835
1122	82.09	3.17835
1123	82.09	3.17835
1124	82.1	3.19218
1125	82.11	3.18086
1126	82.12	3.17578
1127	82.19	3.16447
1128	82.21	3.14419
1129	82.25	3.10926
1130	82.34	3.06992
1131	82.53	3.11594
1132	82.76	3.03355
1133	82.92	3.00559
1134	83.08	3.01887
1135	83.27	3.04911
1136	83.56	3.0044
1137	83.86	2.99005
1138	84.14	3.03322
1139	84.42	2.99727
1140	84.64	3.02166
1141	84.91	3.05645
1142	85.14	2.9867
1143	85.47	3.01149
1144	85.79	2.96747
1145	85.96	2.94591
1146	86.2	2.88097
1147	86.44	2.83309
1148	86.64	2.80186
1149	86.84	2.84858
1150	86.99	2.86878
1151	87.21	2.8506
1152	87.4	2.80357
1153	87.57	2.783
1154	87.74	2.85524
1155	87.94	2.81005
1156	88.1	2.72213
1157	88.24	2.71706
1158	88.4	2.70185
1159	88.45	2.73633
1160	88.68	2.73452
1161	88.84	2.68224
1162	89	2.64575
1163	89.14	2.6609
1164	89.27	2.58014
1165	89.38	2.57208
1166	89.58	2.52262
1167	89.71	2.5585
1168	89.88	2.54275
1169	90.01	2.5199
1170	90.12	2.47903
1171	90.27	2.46518
1172	90.41	2.46615
1173	90.61	2.47344
1174	90.78	2.44777
1175	90.9	2.42281
1176	90.98	2.43713
1177	91.1	2.41454
1178	91.2	2.41247
1179	91.32	2.43261
1180	91.44	2.44671
1181	91.58	2.38403
1182	91.75	2.43053
1183	91.87	2.4358
1184	91.99	2.39372
1185	92.11	2.37021
1186	92.23	2.42014
1187	92.38	2.34853
1188	92.5	2.3388
1189	92.67	2.36244
1190	92.74	2.39842
1191	92.85	2.36379
1192	92.96	2.35338
1193	93.03	2.34288
1194	93.12	2.33786
1195	93.29	2.29039
1196	93.45	2.29074
1197	93.54	2.24686
1198	93.65	2.2243
1199	93.73	2.2621
1200	82.16	3.33682
1201	82.16	3.33682
1202	82.16	3.33682
1203	82.16	3.33682
1204	82.16	3.33682
1205	82.16	3.33682
1206	82.16	3.33682
1207	82.17	3.32582
1208	82.17	3.32582
1209	82.17	3.32582
1210	82.17	3.32582
1211	82.17	3.32582
1212	82.17	3.32582
1213	82.17	3.32582
1214	82.17	3.32582
1215	82.17	3.32582
1216	82.18	3.31777
1217	82.18	3.31777
1218	82.18	3.31777
1219	82.18	3.31777
1220	82.18	3.31777
1221	82.19	3.29453
1222	82.19	3.29453
1223	82.2	3.29242
1224	82.24	3.25306
1225	82.31	3.21153
1226	82.35	3.16662
1227	82.47	3.0934
1228	82.52	3.05444
1229	82.63	3.04518
1230	82.73	3.04911
1231	82.87	3.13578
1232	83.08	3.09089
1233	83.3	2.995
1234	83.5	2.97825
1235	83.73	2.96599
1236	84.01	2.90343
1237	84.31	2.92812
1238	84.58	2.87465
1239	84.83	2.92252
1240	85.1	2.8688
1241	85.3	2.88964
1242	85.57	2.85746
1243	85.77	2.90811
1244	86.04	2.88416
1245	86.23	2.89778
1246	86.53	3.00817
1247	86.81	3.01229
1248	87.04	2.90833
1249	87.25	2.85438
1250	87.48	2.86524
1251	87.69	2.93494
1252	87.85	2.91676
1253	87.98	2.93932
1254	88.22	2.96506
1255	88.33	2.96329
1256	88.53	2.98146
1257	88.79	3.04399
1258	88.91	2.96343
1259	89.08	2.91094
1260	89.2	2.92233
1261	89.43	2.9026
1262	89.62	2.91472
1263	89.8	2.82489
1264	89.98	2.7676
1265	90.12	2.801
1266	90.29	2.75062
1267	90.46	2.67365
1268	90.54	2.6624
1269	90.67	2.72784
1270	90.82	2.69585
1271	90.94	2.70858
1272	91.05	2.68468
1273	91.15	2.67348
1274	91.25	2.6396
1275	91.37	2.60252
1276	91.48	2.56312
1277	91.6	2.5807
1278	91.71	2.5663
1279	91.81	2.58339
1280	91.95	2.51545
1281	92.03	2.47166
1282	92.11	2.49357
1283	92.25	2.4955
1284	92.39	2.41203
1285	92.51	2.44334
1286	92.6	2.42899
1287	92.81	2.30519
1288	92.91	2.31558
1289	93.01	2.29998
1290	93.08	2.27895
1291	93.13	2.30502
1292	93.27	2.2621
1293	93.34	2.25486
1294	93.45	2.25998
1295	93.61	2.19497
1296	93.75	2.11837
1297	93.84	2.09628
1298	93.9	2.08567
1299	94	2.09284
1300	81.91	3.09869
1301	81.91	3.09869
1302	81.92	3.08765
1303	81.92	3.08765
1304	81.92	3.08765
1305	81.92	3.08765
1306	81.94	3.09458
1307	81.94	3.09458
1308	81.95	3.0996
1309	81.95	3.0996
1310	81.95	3.0996
1311	81.97	3.11915
1312	81.97	3.11915
1313	81.98	3.12083
1314	81.98	3.12083
1315	81.99	3.11928
1316	82	3.09839
1317	82.01	3.10643
1318	82.01	3.10643
1319	82.01	3.10643
1320	82.03	3.11915
1321	82.03	3.11915
1322	82.03	3.11915
1323	82.05	3.13488
1324	82.06	3.11711
1325	82.1	3.09677
1326	82.12	3.10252
1327	82.18	3.10606
1328	82.25	3.08018
1329	82.37	3.10372
1330	82.45	3.09637
1331	82.63	3.03201
1332	82.83	2.98347
1333	83.1	2.96816
1334	83.46	2.96452
1335	83.64	3.02496
1336	83.92	3.01224
1337	84.18	2.96439
1338	84.42	2.89544
1339	84.7	2.88617
1340	84.97	2.85816
1341	85.29	2.87505
1342	85.62	2.81347
1343	85.85	2.76541
1344	86.15	2.80134
1345	86.41	2.82876
1346	86.65	2.75091
1347	86.88	2.79027
1348	87.02	2.78561
1349	87.19	2.88685
1350	87.42	2.79349
1351	87.62	2.69733
1352	87.88	2.67686
1353	88.05	2.67348
1354	88.27	2.57626
1355	88.44	2.52317
1356	88.64	2.48
1357	88.86	2.45365
1358	88.96	2.46138
1359	89.14	2.45365
1360	89.28	2.44164
1361	89.36	2.42701
1362	89.61	2.42031
1363	89.78	2.3731
1364	89.94	2.3487
1365	90.06	2.28394
1366	90.16	2.29661
1367	90.3	2.32164
1368	90.42	2.25911
1369	90.57	2.30762
1370	90.71	2.31212
1371	90.86	2.3066
1372	90.99	2.29563
1373	91.18	2.26442
1374	91.26	2.23884
1375	91.35	2.20624
1376	91.49	2.19315
1377	91.64	2.11433
1378	91.71	2.1368
1379	91.85	2.08986
1380	91.96	2.09724
1381	92.08	2.05757
1382	92.21	2.00147
1383	92.33	2.02512
1384	92.43	2.07969
1385	92.57	2.03595
1386	92.63	2.03792
1387	92.72	2.01534
1388	92.78	1.9979
1389	92.95	1.99687
1390	93.03	2.00227
1391	93.17	1.99025
1392	93.24	1.94997
1393	93.34	1.94535
1394	93.48	1.94669
1395	93.64	1.93142
1396	93.73	1.87539
1397	93.79	1.84008
1398	93.89	1.82699
1399	93.96	1.84347
1400	82.38	2.65624
1401	82.39	2.64913
1402	82.39	2.64913
1403	82.39	2.64913
1404	82.39	2.64913
1405	82.39	2.64913
1406	82.39	2.64913
1407	82.39	2.64913
1408	82.39	2.64913
1409	82.4	2.64197
1410	82.41	2.64611
1411	82.41	2.64611
1412	82.41	2.64611
1413	82.42	2.63886
1414	82.42	2.63886
1415	82.42	2.63886
1416	82.42	2.63886
1417	82.42	2.63886
1418	82.43	2.63536
1419	82.44	2.64318
1420	82.44	2.64318
1421	82.44	2.64318
1422	82.45	2.63581
1423	82.45	2.63581
1424	82.5	2.62869
1425	82.5	2.62869
1426	82.53	2.60175
1427	82.6	2.54951
1428	82.66	2.51484
1429	82.77	2.56459
1430	82.94	2.46504
1431	83.11	2.42856
1432	83.26	2.39006
1433	83.37	2.47247
1434	83.59	2.50637
1435	83.87	2.47651
1436	84.15	2.45917
1437	84.33	2.45786
1438	84.6	2.48998
1439	84.85	2.5035
1440	85.15	2.52339
1441	85.32	2.56468
1442	85.55	2.66599
1443	85.8	2.61916
1444	86.11	2.54124
1445	86.36	2.46787
1446	86.58	2.47055
1447	86.75	2.51545
1448	86.92	2.54039
1449	87.15	2.53919
1450	87.42	2.56585
1451	87.61	2.52545
1452	87.75	2.5313
1453	87.92	2.47257
1454	88.11	2.50557
1455	88.27	2.50142
1456	88.49	2.47586
1457	88.68	2.48548
1458	88.8	2.44949
1459	88.95	2.45917
1460	89.08	2.46447
1461	89.28	2.44982
1462	89.44	2.42619
1463	89.6	2.42074
1464	89.74	2.37327
1465	89.94	2.39508
1466	90.07	2.40938
1467	90.24	2.46219
1468	90.37	2.41518
1469	90.53	2.41435
1470	90.59	2.41286
1471	90.67	2.38351
1472	90.81	2.33107
1473	90.99	2.33878
1474	91.17	2.3497
1475	91.27	2.36582
1476	91.36	2.34316
1477	91.46	2.32989
1478	91.64	2.34316
1479	91.75	2.36379
1480	91.87	2.3309
1481	91.95	2.25998
1482	92.05	2.28637
1483	92.15	2.26881
1484	92.26	2.27429
1485	92.37	2.28322
1486	92.47	2.2381
1487	92.53	2.22466
1488	92.66	2.23258
1489	92.72	2.2498
1490	92.86	2.26283
1491	92.97	2.24702
1492	93.05	2.25555
1493	93.16	2.18504
1494	93.31	2.15729
1495	93.4	2.14476
1496	93.49	2.11894
1497	93.61	2.06831
1498	93.75	2.07063
1499	93.77	2.07776
1500	81.74	3.09393
1501	81.74	3.09393
1502	81.74	3.09393
1503	81.74	3.09393
1504	81.74	3.09393
1505	81.74	3.09393
1506	81.74	3.09393
1507	81.74	3.09393
1508	81.76	3.06959
1509	81.76	3.06959
1510	81.76	3.06959
1511	81.76	3.06959
1512	81.76	3.06959
1513	81.76	3.06959
1514	81.77	3.06221
1515	81.77	3.06221
1516	81.77	3.06221
1517	81.77	3.06221
1518	81.77	3.06221
1519	81.78	3.04821
1520	81.8	3.05941
1521	81.81	3.05514
1522	81.83	3.06612
1523	81.83	3.06612
1524	81.85	3.0639
1525	81.87	3.08109
1526	81.91	3.08576
1527	81.98	3.06261
1528	82.06	3.049
1529	82.21	2.98428
1530	82.33	2.9734
1531	82.53	2.91704
1532	82.7	2.94788
1533	82.88	2.98757
1534	83.09	3.00365
1535	83.33	2.84624
1536	83.63	2.79877
1537	83.88	2.85054
1538	84.08	2.78453
1539	84.47	2.74756
1540	84.86	2.76774
1541	85.15	2.75817
1542	85.36	2.72954
1543	85.6	2.69444
1544	85.81	2.70442
1545	86.08	2.5678
1546	86.28	2.56936
1547	86.47	2.57082
1548	86.58	2.60453
1549	86.79	2.60113
1550	87.05	2.60528
1551	87.31	2.55615
1552	87.53	2.50781
1553	87.68	2.52143
1554	87.82	2.54708
1555	87.98	2.52182
1556	88.12	2.55844
1557	88.22	2.54
1558	88.45	2.51942
1559	88.66	2.61236
1560	88.89	2.59189
1561	89.13	2.63308
1562	89.27	2.56068
1563	89.44	2.6356
1564	89.57	2.60482
1565	89.74	2.65187
1566	89.91	2.64611
1567	89.98	2.63431
1568	90.21	2.67692
1569	90.27	2.67154
1570	90.45	2.67722
1571	90.56	2.70673
1572	90.64	2.71853
1573	90.79	2.7177
1574	90.95	2.718
1575	91.08	2.65209
1576	91.19	2.65592
1577	91.28	2.67238
1578	91.35	2.61677
1579	91.44	2.53109
1580	91.52	2.51189
1581	91.62	2.48508
1582	91.71	2.48312
1583	91.82	2.49952
1584	92.02	2.46974
1585	92.13	2.4603
1586	92.24	2.44998
1587	92.34	2.40923
1588	92.46	2.38504
1589	92.51	2.3643
1590	92.64	2.28263
1591	92.71	2.30345
1592	92.83	2.32403
1593	92.94	2.36144
1594	93.07	2.3548
1595	93.19	2.36514
1596	93.28	2.34128
1597	93.37	2.31799
1598	93.44	2.31223
1599	93.56	2.32946
1600	81.53	3.20766
1601	81.53	3.20766
1602	81.53	3.20766
1603	81.53	3.20766
1604	81.53	3.20766
1605	81.53	3.20766
1606	81.53	3.20766
1607	81.53	3.20766
1608	81.54	3.21689
1609	81.55	3.21675
1610	81.57	3.21016
1611	81.57	3.21016
1612	81.57	3.21016
1613	81.57	3.21016
1614	81.57	3.21016
1615	81.57	3.21016
1616	81.58	3.22546
1617	81.59	3.20966
1618	81.59	3.20966
1619	81.6	3.20936
1620	81.6	3.20936
1621	81.61	3.19655
1622	81.61	3.19655
1623	81.64	3.17339
1624	81.66	3.15664
1625	81.68	3.14922
1626	81.74	3.13885
1627	81.79	3.11543
1628	81.84	3.09425
1629	81.97	3.04452
1630	82.1	3.04795
1631	82.22	3.01191
1632	82.4	2.93598
1633	82.63	2.92457
1634	82.94	2.82071
1635	83.17	2.86725
1636	83.38	2.87326
1637	83.6	2.87054
1638	83.8	2.88097
1639	84.09	2.7644
1640	84.45	2.84033
1641	84.77	2.83145
1642	85	2.86356
1643	85.31	2.90067
1644	85.52	2.8124
1645	85.73	2.81373
1646	85.9	2.82666
1647	86.12	2.79027
1648	86.39	2.84568
1649	86.61	2.75643
1650	86.81	2.70442
1651	87.05	2.6396
1652	87.21	2.65441
1653	87.42	2.69881
1654	87.64	2.74051
1655	87.78	2.704
1656	87.9	2.64386
1657	88.02	2.64568
1658	88.23	2.59174
1659	88.39	2.5373
1660	88.51	2.51593
1661	88.63	2.49261
1662	88.78	2.49231
1663	88.89	2.48151
1664	89.03	2.47166
1665	89.19	2.49678
1666	89.41	2.49437
1667	89.57	2.47893
1668	89.72	2.43754
1669	89.9	2.42281
1670	90.04	2.42041
1671	90.12	2.40533
1672	90.26	2.39842
1673	90.34	2.39675
1674	90.4	2.36643
1675	90.51	2.33021
1676	90.71	2.30779
1677	90.79	2.29911
1678	90.92	2.29207
1679	91.07	2.2057
1680	91.16	2.22585
1681	91.26	2.2209
1682	91.38	2.17614
1683	91.52	2.13298
1684	91.65	2.09464
1685	91.77	2.09215
1686	91.91	2.03517
1687	92.02	2.02968
1688	92.11	2.01938
1689	92.25	2.06579
1690	92.36	2.14252
1691	92.47	2.12346
1692	92.63	2.0768
1693	92.72	2.07403
1694	92.81	2.0332
1695	92.89	2.03418
1696	92.97	2.00726
1697	93.07	2.01621
1698	93.13	1.99326
1699	93.25	2.00187
1700	82.13	2.79519
1701	82.13	2.79519
1702	82.13	2.79519
1703	82.13	2.79519
1704	82.13	2.79519
1705	82.13	2.79519
1706	82.13	2.79519
1707	82.13	2.79519
1708	82.13	2.79519
1709	82.14	2.7965
1710	82.14	2.7965
1711	82.15	2.77263
1712	82.16	2.75942
1713	82.16	2.75942
1714	82.16	2.75942
1715	82.17	2.76425
1716	82.17	2.76425
1717	82.17	2.76425
1718	82.17	2.76425
1719	82.17	2.76425
1720	82.17	2.76425
1721	82.17	2.76425
1722	82.17	2.76425
1723	82.18	2.75456
1724	82.19	2.76657
1725	82.22	2.77698
1726	82.26	2.79149
1727	82.3	2.77308
1728	82.36	2.76955
1729	82.43	2.77581
1730	82.55	2.71063
1731	82.65	2.69583
1732	82.87	2.64445
1733	83.05	2.68095
1734	83.21	2.7177
1735	83.47	2.55912
1736	83.81	2.53651
1737	84.06	2.48524
1738	84.29	2.46696
1739	84.59	2.61188
1740	84.84	2.64469
1741	85.09	2.60805
1742	85.33	2.60405
1743	85.58	2.54629
1744	85.78	2.60607
1745	86.09	2.5538
1746	86.26	2.61389
1747	86.57	2.61249
1748	86.75	2.55881
1749	86.96	2.56484
1750	87.17	2.54187
1751	87.36	2.53976
1752	87.51	2.54753
1753	87.66	2.51484
1754	87.89	2.55693
1755	88.06	2.54094
1756	88.23	2.55286
1757	88.34	2.60085
1758	88.53	2.66254
1759	88.73	2.60329
1760	88.84	2.59892
1761	89.04	2.56484
1762	89.21	2.57796
1763	89.4	2.58844
1764	89.5	2.57488
1765	89.62	2.50511
1766	89.78	2.54393
1767	89.97	2.58246
1768	90.08	2.61412
1769	90.22	2.64038
1770	90.39	2.58803
1771	90.51	2.52783
1772	90.62	2.50112
1773	90.72	2.51825
1774	90.9	2.47588
1775	91.04	2.48161
1776	91.19	2.49277
1777	91.32	2.46122
1778	91.45	2.47134
1779	91.61	2.43678
1780	91.73	2.43251
1781	91.79	2.41369
1782	91.85	2.43053
1783	91.98	2.40408
1784	92.11	2.38703
1785	92.23	2.32317
1786	92.38	2.25291
1787	92.47	2.2559
1788	92.54	2.19281
1789	92.68	2.18119
1790	92.8	2.12132
1791	92.91	2.1452
1792	93.01	2.11421
1793	93.08	2.10086
1794	93.16	2.1058
1795	93.25	2.14651
1796	93.36	2.12847
1797	93.5	2.12368
1798	93.66	2.12706
1799	93.74	2.13832
1800	81.63	2.93821
1801	81.63	2.93821
1802	81.63	2.93821
1803	81.63	2.93821
1804	81.65	2.96437
1805	81.65	2.96437
1806	81.66	2.97059
1807	81.66	2.97059
1808	81.66	2.97059
1809	81.66	2.97059
1810	81.67	2.95992
1811	81.68	2.96607
1812	81.68	2.96607
1813	81.68	2.96607
1814	81.68	2.96607
1815	81.68	2.96607
1816	81.68	2.96607
1817	81.69	2.98226
1818	81.7	2.99166
1819	81.71	2.99765
1820	81.71	2.99765
1821	81.71	2.99765
1822	81.75	2.98789
1823	81.75	2.98789
1824	81.78	2.99192
1825	81.82	3.01788
1826	81.86	2.99673
1827	81.92	3.01556
1828	82.03	2.98816
1829	82.11	2.93563
1830	82.32	2.90475
1831	82.46	2.92034
1832	82.63	2.86585
1833	82.86	2.76413
1834	83.15	2.78702
1835	83.5	2.79821
1836	83.8	2.69444
1837	84.1	2.65518
1838	84.41	2.56162
1839	84.7	2.55539
1840	84.94	2.64129
1841	85.21	2.64687
1842	85.46	2.60161
1843	85.73	2.51338
1844	86.02	2.45756
1845	86.32	2.47338
1846	86.52	2.47176
1847	86.72	2.49431
1848	86.94	2.45691
1849	87.16	2.50886
1850	87.35	2.51147
1851	87.6	2.54951
1852	87.81	2.50478
1853	88	2.48998
1854	88.2	2.41247
1855	88.36	2.50008
1856	88.6	2.48998
1857	88.71	2.45069
1858	88.89	2.44497
1859	89.04	2.3955
1860	89.17	2.35395
1861	89.32	2.34043
1862	89.44	2.3079
1863	89.63	2.26122
1864	89.76	2.28088
1865	89.85	2.30814
1866	89.95	2.31247
1867	90.11	2.33193
1868	90.27	2.30588
1869	90.37	2.29632
1870	90.52	2.29556
1871	90.64	2.32172
1872	90.79	2.26405
1873	90.92	2.24357
1874	90.99	2.24274
1875	91.13	2.239
1876	91.34	2.17357
1877	91.43	2.22825
1878	91.58	2.23687
1879	91.65	2.21077
1880	91.77	2.17649
1881	91.85	2.20624
1882	91.98	2.17706
1883	92.07	2.18749
1884	92.21	2.17851
1885	92.31	2.20316
1886	92.47	2.26033
1887	92.56	2.20599
1888	92.69	2.15265
1889	92.79	2.17851
1890	92.94	2.19918
1891	93.06	2.16712
1892	93.14	2.18183
1893	93.26	2.18458
1894	93.38	2.18989
1895	93.49	2.19315
1896	93.57	2.2057
1897	93.6	2.20454
1898	93.72	2.19126
1899	93.81	2.10093
1900	81.62	2.925
1901	81.62	2.925
1902	81.62	2.925
1903	81.62	2.925
1904	81.62	2.925
1905	81.62	2.925
1906	81.63	2.92799
1907	81.63	2.92799
1908	81.64	2.92752
1909	81.64	2.92752
1910	81.65	2.93044
1911	81.66	2.93673
1912	81.66	2.93673
1913	81.66	2.93673
1914	81.66	2.93673
1915	81.66	2.93673
1916	81.66	2.93673
1917	81.67	2.91223
1918	81.67	2.91223
1919	81.67	2.91223
1920	81.67	2.91223
1921	81.68	2.90475
1922	81.7	2.91033
1923	81.7	2.91033
1924	81.72	2.8951
1925	81.72	2.8951
1926	81.76	2.88139
1927	81.79	2.8576
1928	81.87	2.91086
1929	81.99	2.8548
1930	82.13	2.8378
1931	82.31	2.83441
1932	82.48	2.76217
1933	82.72	2.78237
1934	82.91	2.78602
1935	83.25	2.75454
1936	83.46	2.71079
1937	83.82	2.70695
1938	84.11	2.56084
1939	84.38	2.62214
1940	84.64	2.45976
1941	84.86	2.43319
1942	85.11	2.47748
1943	85.38	2.49311
1944	85.59	2.48232
1945	85.93	2.43004
1946	86.16	2.36947
1947	86.4	2.4454
1948	86.66	2.3504
1949	86.9	2.41454
1950	87.08	2.44
1951	87.35	2.41816
1952	87.58	2.42973
1953	87.72	2.36677
1954	87.84	2.3779
1955	88.04	2.30617
1956	88.24	2.32431
1957	88.44	2.28175
1958	88.52	2.2912
1959	88.67	2.30241
1960	88.87	2.20751
1961	89.03	2.24702
1962	89.24	2.34572
1963	89.34	2.34615
1964	89.53	2.36835
1965	89.69	2.39038
1966	89.84	2.39466
1967	90	2.33666
1968	90.15	2.33399
1969	90.26	2.3092
1970	90.44	2.31655
1971	90.58	2.31594
1972	90.78	2.30903
1973	90.91	2.31989
1974	91.05	2.3211
1975	91.22	2.33058
1976	91.31	2.21222
1977	91.4	2.23159
1978	91.53	2.19297
1979	91.64	2.17495
1980	91.83	2.19114
1981	91.9	2.18861
1982	92	2.19089
1983	92.14	2.20009
1984	92.25	2.16044
1985	92.4	2.15407
1986	92.53	2.13755
1987	92.65	2.12309
1988	92.72	2.14979
1989	92.79	2.16469
1990	92.92	2.17108
1991	92.98	2.17706
1992	93.12	2.11792
1993	93.21	2.10378
1994	93.27	2.06812
1995	93.38	2.08221
1996	93.47	2.04673
1997	93.58	2.01584
1998	93.69	1.96822
1999	93.73	1.95885
2000	95.03	2.00726
2001	95.03	2.00726
2002	95.03	2.00726
2003	95.03	2.00726
2004	95.03	2.00726
2005	95.03	2.00726
2006	95.03	2.00726
2007	95.03	2.00726
2008	95.03	2.00726
2009	95.03	2.00726
2010	95.04	1.99459
2011	95.04	1.99459
2012	95.04	1.99459
2013	95.04	1.99459
2014	95.04	1.99459
2015	95.04	1.99459
2016	95.04	1.99459
2017	95.04	1.99459
2018	95.04	1.99459
2019	95.04	1.99459
2020	95.04	1.99459
2021	95.05	1.98683
2022	95.06	1.98404
2023	95.07	1.99126
2024	95.07	1.99126
2025	95.07	1.99126
2026	95.07	1.99126
2027	95.07	1.99126
2028	95.07	1.99126
2029	95.07	1.99126
2030	95.07	1.99126
2031	95.08	1.98333
2032	95.1	1.97737
2033	95.16	1.95305
2034	95.2	1.92873
2035	95.25	1.9046
2036	95.29	1.89892
2037	95.42	1.86644
2038	95.53	1.7914
2039	95.58	1.801
2040	95.63	1.81469
2041	95.69	1.83137
2042	95.79	1.78491
2043	95.95	1.79095
2044	95.98	1.77753
2045	96.04	1.76023
2046	96.15	1.75143
2047	96.28	1.66781
2048	96.35	1.67556
2049	96.44	1.66325
2050	96.53	1.59031
2051	96.6	1.58114
2052	96.69	1.5601
2053	96.73	1.54178
2054	96.8	1.51658
2055	96.85	1.51905
2056	96.91	1.4973
2057	96.92	1.5012
2058	96.99	1.45942
2059	97.03	1.45914
2060	97.07	1.46462
2061	97.13	1.46734
2062	97.23	1.44121
2063	97.27	1.44814
2064	97.35	1.43788
2065	97.43	1.45777
2066	97.49	1.45255
2067	97.51	1.45942
2068	97.53	1.45914
2069	97.56	1.45134
2070	97.58	1.47092
2071	97.64	1.41789
2072	97.68	1.39198
2073	97.75	1.35185
2074	97.78	1.33851
2075	97.84	1.36176
2076	97.84	1.36176
2077	97.87	1.36129
2078	97.89	1.36305
2079	97.94	1.32529
2080	97.98	1.35632
2081	98.02	1.31134
2082	98.04	1.31848
2083	98.07	1.31343
2084	98.09	1.28137
2085	98.11	1.29534
2086	98.11	1.29534
2087	98.11	1.29534
2088	98.16	1.29399
2089	98.23	1.21536
2090	98.25	1.21963
2091	98.26	1.21342
2092	98.28	1.20067
2093	98.32	1.199
2094	98.37	1.1803
2095	98.38	1.18136
2096	98.38	1.18136
2097	98.42	1.15048
2098	98.44	1.1342
2099	98.46	1.13508
2100	93.73	2.2621
2101	93.73	2.2621
2102	93.73	2.2621
2103	93.74	2.2522
2104	93.74	2.2522
2105	93.74	2.2522
2106	93.75	2.24221
2107	93.75	2.24221
2108	93.75	2.24221
2109	93.75	2.24221
2110	93.76	2.25442
2111	93.76	2.25442
2112	93.76	2.25442
2113	93.76	2.25442
2114	93.76	2.25442
2115	93.76	2.25442
2116	93.76	2.25442
2117	93.76	2.25442
2118	93.76	2.25442
2119	93.76	2.25442
2120	93.76	2.25442
2121	93.76	2.25442
2122	93.76	2.25442
2123	93.76	2.25442
2124	93.76	2.25442
2125	93.76	2.25442
2126	93.78	2.24758
2127	93.79	2.25519
2128	93.8	2.24054
2129	93.81	2.22574
2130	93.82	2.21079
2131	93.85	2.19716
2132	93.86	2.21368
2133	93.89	2.21312
2134	93.9	2.21133
2135	93.99	2.2472
2136	94.04	2.23571
2137	94.09	2.23649
2138	94.22	2.22522
2139	94.33	2.17281
2140	94.45	2.12309
2141	94.51	2.09043
2142	94.64	2.11433
2143	94.78	2.10038
2144	94.89	2.10188
2145	95.05	2.10891
2146	95.08	2.08653
2147	95.14	2.0446
2148	95.22	2.03263
2149	95.34	1.95049
2150	95.42	1.96051
2151	95.51	1.93647
2152	95.58	1.97575
2153	95.75	1.94615
2154	95.85	1.99186
2155	95.93	2.00627
2156	95.98	1.99489
2157	96.01	1.9824
2158	96.05	2.00686
2159	96.15	1.94615
2160	96.23	1.92278
2161	96.29	1.9611
2162	96.32	1.93845
2163	96.36	1.92624
2164	96.46	1.89431
2165	96.55	1.83507
2166	96.62	1.78762
2167	96.66	1.76193
2168	96.7	1.75784
2169	96.79	1.69879
2170	96.81	1.69526
2171	96.84	1.72464
2172	96.86	1.71476
2173	96.9	1.67631
2174	96.97	1.67604
2175	97.04	1.70833
2176	97.1	1.64621
2177	97.14	1.64936
2178	97.23	1.64836
2179	97.3	1.59687
2180	97.35	1.61478
2181	97.4	1.6
2182	97.47	1.58401
2183	97.5	1.55242
2184	97.54	1.5519
2185	97.58	1.56959
2186	97.64	1.54609
2187	97.68	1.56128
2188	97.76	1.53701
2189	97.8	1.52971
2190	97.82	1.51908
2191	97.85	1.51245
2192	97.9	1.48661
2193	97.95	1.46544
2194	97.97	1.45914
2195	98.04	1.4207
2196	98.05	1.41686
2197	98.09	1.34978
2198	98.12	1.32876
2199	98.14	1.34179
2200	94	2.09284
2201	94	2.09284
2202	94	2.09284
2203	94	2.09284
2204	94	2.09284
2205	94	2.09284
2206	94	2.09284
2207	94.01	2.08084
2208	94.01	2.08084
2209	94.01	2.08084
2210	94.01	2.08084
2211	94.02	2.08317
2212	94.02	2.08317
2213	94.02	2.08317
2214	94.03	2.07584
2215	94.03	2.07584
2216	94.03	2.07584
2217	94.03	2.07584
2218	94.03	2.07584
2219	94.03	2.07584
2220	94.03	2.07584
2221	94.03	2.07584
2222	94.03	2.07584
2223	94.03	2.07584
2224	94.03	2.07584
2225	94.04	2.07808
2226	94.04	2.07808
2227	94.06	2.07278
2228	94.07	2.07005
2229	94.08	2.05271
2230	94.1	2.05183
2231	94.12	2.06049
2232	94.14	2.03971
2233	94.16	2.04802
2234	94.23	2.0389
2235	94.26	2.03283
2236	94.36	2.11433
2237	94.43	2.07005
2238	94.58	2.07451
2239	94.68	2.03902
2240	94.79	2.03615
2241	94.89	2.07796
2242	94.98	2.02475
2243	95.1	1.9975
2244	95.19	1.99847
2245	95.25	2.03654
2246	95.38	1.99389
2247	95.45	1.99687
2248	95.62	1.91719
2249	95.69	1.85847
2250	95.78	1.77527
2251	95.87	1.72427
2252	95.97	1.75188
2253	96.03	1.71146
2254	96.09	1.7152
2255	96.14	1.73217
2256	96.22	1.71219
2257	96.26	1.70658
2258	96.34	1.64451
2259	96.44	1.63902
2260	96.53	1.64593
2261	96.6	1.69115
2262	96.64	1.62185
2263	96.68	1.63634
2264	96.71	1.59559
2265	96.75	1.62096
2266	96.79	1.63276
2267	96.84	1.62308
2268	96.87	1.62883
2269	96.9	1.61555
2270	96.97	1.60284
2271	97.06	1.60512
2272	97.11	1.61799
2273	97.17	1.61279
2274	97.23	1.58654
2275	97.29	1.58931
2276	97.38	1.59862
2277	97.4	1.59374
2278	97.47	1.63374
2279	97.53	1.56496
2280	97.58	1.54389
2281	97.63	1.55984
2282	97.65	1.53867
2283	97.68	1.53545
2284	97.7	1.53297
2285	97.73	1.52876
2286	97.75	1.52561
2287	97.8	1.51658
2288	97.83	1.49034
2289	97.85	1.47902
2290	97.89	1.46216
2291	97.91	1.42895
2292	97.94	1.45479
2293	97.98	1.44208
2294	98.04	1.40656
2295	98.05	1.41686
2296	98.1	1.39642
2297	98.14	1.40014
2298	98.18	1.38116
2299	98.25	1.34443
2300	93.96	1.84347
2301	93.96	1.84347
2302	93.96	1.84347
2303	93.96	1.84347
2304	93.96	1.84347
2305	93.96	1.84347
2306	93.97	1.83551
2307	93.97	1.83551
2308	93.97	1.83551
2309	93.98	1.8438
2310	93.98	1.8438
2311	93.98	1.8438
2312	93.98	1.8438
2313	93.98	1.8438
2314	93.98	1.8438
2315	93.98	1.8438
2316	93.98	1.8438
2317	93.98	1.8438
2318	93.98	1.8438
2319	93.98	1.8438
2320	93.98	1.8438
2321	93.99	1.84659
2322	93.99	1.84659
2323	93.99	1.84659
2324	93.99	1.84659
2325	93.99	1.84659
2326	93.99	1.84659
2327	94	1.85472
2328	94	1.85472
2329	94	1.85472
2330	94.02	1.86537
2331	94.03	1.86791
2332	94.06	1.89642
2333	94.11	1.87561
2334	94.15	1.88878
2335	94.22	1.89515
2336	94.3	1.88414
2337	94.43	1.81248
2338	94.5	1.8303
2339	94.62	1.84272
2340	94.66	1.78449
2341	94.76	1.69186
2342	94.89	1.71985
2343	95.06	1.77099
2344	95.19	1.78154
2345	95.31	1.79274
2346	95.45	1.73997
2347	95.58	1.69222
2348	95.67	1.65563
2349	95.75	1.62096
2350	95.87	1.65321
2351	95.98	1.57467
2352	96.04	1.5995
2353	96.11	1.59934
2354	96.21	1.62662
2355	96.25	1.58981
2356	96.29	1.583
2357	96.38	1.59236
2358	96.46	1.57111
2359	96.5	1.56525
2360	96.53	1.57769
2361	96.58	1.5374
2362	96.65	1.49248
2363	96.73	1.45503
2364	96.79	1.43035
2365	96.83	1.4426
2366	96.88	1.43722
2367	96.92	1.44693
2368	97.01	1.42475
2369	97.04	1.41365
2370	97.1	1.42478
2371	97.1	1.42478
2372	97.14	1.40014
2373	97.18	1.42394
2374	97.24	1.3937
2375	97.27	1.38459
2376	97.33	1.33458
2377	97.41	1.32737
2378	97.49	1.30763
2379	97.52	1.33026
2380	97.52	1.33026
2381	97.56	1.32151
2382	97.64	1.26111
2383	97.66	1.26665
2384	97.71	1.25136
2385	97.74	1.2298
2386	97.78	1.17966
2387	97.82	1.16944
2388	97.88	1.15135
2389	97.91	1.17554
2390	97.92	1.17201
2391	97.96	1.15689
2392	97.97	1.15287
2393	98	1.16619
2394	98.06	1.1386
2395	98.11	1.13044
2396	98.15	1.11692
2397	98.18	1.1435
2398	98.2	1.13137
2399	98.21	1.12512
2400	93.77	2.07776
2401	93.77	2.07776
2402	93.77	2.07776
2403	93.77	2.07776
2404	93.77	2.07776
2405	93.77	2.07776
2406	93.77	2.07776
2407	93.77	2.07776
2408	93.77	2.07776
2409	93.77	2.07776
2410	93.77	2.07776
2411	93.77	2.07776
2412	93.77	2.07776
2413	93.77	2.07776
2414	93.77	2.07776
2415	93.77	2.07776
2416	93.77	2.07776
2417	93.77	2.07776
2418	93.77	2.07776
2419	93.77	2.07776
2420	93.77	2.07776
2421	93.77	2.07776
2422	93.77	2.07776
2423	93.77	2.07776
2424	93.79	2.06541
2425	93.79	2.06541
2426	93.79	2.06541
2427	93.8	2.06882
2428	93.81	2.06734
2429	93.82	2.06582
2430	93.85	2.08026
2431	93.88	2.07017
2432	93.92	2.08653
2433	93.97	2.10454
2434	94.06	2.10152
2435	94.08	2.09609
2436	94.16	2.03332
2437	94.22	2.03755
2438	94.29	2.01641
2439	94.36	2.02741
2440	94.45	1.9615
2441	94.59	1.91883
2442	94.64	1.94689
2443	94.75	1.93067
2444	94.82	1.92551
2445	94.89	1.88624
2446	95.01	1.90523
2447	95.15	1.86212
2448	95.24	1.84997
2449	95.35	1.87816
2450	95.43	1.83442
2451	95.53	1.84637
2452	95.6	1.85472
2453	95.71	1.84008
2454	95.78	1.87393
2455	95.89	1.8105
2456	95.97	1.81909
2457	96.04	1.78841
2458	96.09	1.76689
2459	96.15	1.75713
2460	96.23	1.70795
2461	96.29	1.6929
2462	96.35	1.65151
2463	96.42	1.65033
2464	96.52	1.64609
2465	96.56	1.62062
2466	96.63	1.57896
2467	96.67	1.55599
2468	96.78	1.50053
2469	96.85	1.50582
2470	96.89	1.52902
2471	96.9	1.51327
2472	96.98	1.5032
2473	97.09	1.48388
2474	97.14	1.43541
2475	97.22	1.40414
2476	97.25	1.38834
2477	97.32	1.38477
2478	97.37	1.39036
2479	97.47	1.37445
2480	97.51	1.39639
2481	97.53	1.38892
2482	97.56	1.37346
2483	97.57	1.36569
2484	97.61	1.37036
2485	97.66	1.33581
2486	97.71	1.31374
2487	97.75	1.32947
2488	97.83	1.25742
2489	97.86	1.24916
2490	97.89	1.24816
2491	97.95	1.2278
2492	97.98	1.24884
2493	98.02	1.24884
2494	98.06	1.20681
2495	98.1	1.20416
2496	98.15	1.1694
2497	98.17	1.1752
2498	98.21	1.17724
2499	98.28	1.14088
2500	93.56	2.32946
2501	93.56	2.32946
2502	93.56	2.32946
2503	93.56	2.32946
2504	93.56	2.32946
2505	93.56	2.32946
2506	93.56	2.32946
2507	93.56	2.32946
2508	93.56	2.32946
2509	93.56	2.32946
2510	93.56	2.32946
2511	93.56	2.32946
2512	93.56	2.32946
2513	93.56	2.32946
2514	93.56	2.32946
2515	93.56	2.32946
2516	93.56	2.32946
2517	93.56	2.32946
2518	93.56	2.32946
2519	93.56	2.32946
2520	93.56	2.32946
2521	93.56	2.32946
2522	93.56	2.32946
2523	93.56	2.32946
2524	93.56	2.32946
2525	93.56	2.32946
2526	93.56	2.32946
2527	93.57	2.32058
2528	93.58	2.33315
2529	93.59	2.31989
2530	93.62	2.35279
2531	93.64	2.34742
2532	93.66	2.34188
2533	93.71	2.33793
2534	93.75	2.31679
2535	93.82	2.32112
2536	93.86	2.28482
2537	93.94	2.24419
2538	93.98	2.27587
2539	94.11	2.23112
2540	94.15	2.20624
2541	94.31	2.26139
2542	94.45	2.25111
2543	94.59	2.20043
2544	94.74	2.18458
2545	94.84	2.21684
2546	94.94	2.15787
2547	95.04	2.21775
2548	95.16	2.19417
2549	95.24	2.1685
2550	95.36	2.14718
2551	95.46	2.128
2552	95.53	2.10454
2553	95.59	2.0741
2554	95.65	2.06579
2555	95.73	2.07294
2556	95.81	2.0625
2557	95.88	2.07017
2558	95.97	2.04673
2559	96.02	2.00489
2560	96.06	2.01405
2561	96.13	1.98824
2562	96.18	1.97677
2563	96.24	1.9602
2564	96.33	1.88709
2565	96.41	1.80607
2566	96.45	1.79095
2567	96.47	1.79697
2568	96.54	1.82986
2569	96.62	1.83728
2570	96.69	1.82041
2571	96.75	1.79652
2572	96.8	1.78885
2573	96.86	1.78897
2574	96.94	1.77099
2575	97	1.73781
2576	97.03	1.73468
2577	97.07	1.75074
2578	97.1	1.73494
2579	97.13	1.70091
2580	97.16	1.70716
2581	97.22	1.64669
2582	97.29	1.63887
2583	97.33	1.59408
2584	97.38	1.58606
2585	97.41	1.58805
2586	97.45	1.54515
2587	97.52	1.54583
2588	97.53	1.54567
2589	97.6	1.54919
2590	97.65	1.51905
2591	97.73	1.4755
2592	97.77	1.42727
2593	97.79	1.40211
2594	97.84	1.398
2595	97.87	1.40467
2596	97.93	1.39467
2597	97.93	1.39467
2598	97.94	1.40584
2599	97.95	1.40979
2600	93.25	2.00187
2601	93.27	1.96395
2602	93.27	1.96395
2603	93.27	1.96395
2604	93.27	1.96395
2605	93.27	1.96395
2606	93.27	1.96395
2607	93.27	1.96395
2608	93.27	1.96395
2609	93.27	1.96395
2610	93.27	1.96395
2611	93.27	1.96395
2612	93.27	1.96395
2613	93.27	1.96395
2614	93.27	1.96395
2615	93.27	1.96395
2616	93.27	1.96395
2617	93.27	1.96395
2618	93.27	1.96395
2619	93.27	1.96395
2620	93.27	1.96395
2621	93.27	1.96395
2622	93.27	1.96395
2623	93.27	1.96395
2624	93.27	1.96395
2625	93.27	1.96395
2626	93.27	1.96395
2627	93.28	1.9803
2628	93.31	1.9733
2629	93.32	1.96916
2630	93.35	1.97167
2631	93.36	1.97241
2632	93.42	1.92966
2633	93.49	1.92091
2634	93.51	1.90523
2635	93.61	1.85416
2636	93.72	1.83891
2637	93.85	1.81315
2638	93.93	1.77344
2639	94.06	1.75397
2640	94.22	1.72383
2641	94.34	1.65058
2642	94.44	1.63902
2643	94.53	1.60284
2644	94.62	1.62345
2645	94.76	1.6132
2646	94.92	1.62284
2647	95.01	1.57794
2648	95.09	1.5754
2649	95.22	1.55293
2650	95.39	1.56777
2651	95.5	1.56525
2652	95.56	1.55126
2653	95.68	1.51578
2654	95.75	1.45172
2655	95.82	1.49251
2656	95.88	1.48513
2657	95.99	1.51324
2658	96.12	1.51182
2659	96.16	1.48135
2660	96.23	1.45503
2661	96.27	1.42025
2662	96.36	1.43192
2663	96.39	1.42755
2664	96.44	1.45134
2665	96.52	1.47973
2666	96.62	1.45451
2667	96.68	1.44139
2668	96.76	1.46369
2669	96.82	1.45863
2670	96.86	1.41435
2671	96.9	1.41774
2672	96.92	1.43304
2673	96.97	1.3961
2674	97.01	1.38921
2675	97.07	1.38025
2676	97.14	1.37855
2677	97.19	1.3689
2678	97.25	1.34443
2679	97.3	1.39642
2680	97.33	1.3788
2681	97.38	1.35484
2682	97.42	1.36514
2683	97.47	1.37445
2684	97.48	1.37463
2685	97.52	1.36733
2686	97.57	1.33608
2687	97.65	1.32193
2688	97.68	1.29522
2689	97.68	1.29522
2690	97.73	1.31038
2691	97.75	1.29904
2692	97.79	1.31374
2693	97.81	1.31678
2694	97.84	1.33207
2695	97.88	1.29831
2696	97.93	1.29039
2697	97.97	1.24463
2698	98	1.2083
2699	98.03	1.21206
2700	93.74	2.13832
2701	93.75	2.14651
2702	93.75	2.14651
2703	93.75	2.14651
2704	93.76	2.14998
2705	93.76	2.14998
2706	93.76	2.14998
2707	93.77	2.15803
2708	93.77	2.15803
2709	93.77	2.15803
2710	93.78	2.15676
2711	93.78	2.15676
2712	93.78	2.15676
2713	93.78	2.15676
2714	93.78	2.15676
2715	93.78	2.15676
2716	93.79	2.14614
2717	93.79	2.14614
2718	93.79	2.14614
2719	93.79	2.14614
2720	93.79	2.14614
2721	93.79	2.14614
2722	93.8	2.13073
2723	93.8	2.13073
2724	93.8	2.13073
2725	93.8	2.13073
2726	93.8	2.13073
2727	93.8	2.13073
2728	93.8	2.13073
2729	93.8	2.13073
2730	93.81	2.11516
2731	93.84	2.11528
2732	93.87	2.0768
2733	93.91	2.05473
2734	93.99	2.04692
2735	94.01	2.04203
2736	94.11	1.99947
2737	94.24	2.02544
2738	94.34	1.99108
2739	94.41	2.01542
2740	94.56	2.02148
2741	94.61	1.99447
2742	94.74	1.95765
2743	94.91	1.95497
2744	94.96	1.95407
2745	95.09	1.94471
2746	95.22	1.88457
2747	95.31	1.83682
2748	95.39	1.84876
2749	95.45	1.81865
2750	95.53	1.81359
2751	95.6	1.81659
2752	95.69	1.80939
2753	95.76	1.77831
2754	95.86	1.7608
2755	95.92	1.80931
2756	95.96	1.78841
2757	96.03	1.77457
2758	96.12	1.71044
2759	96.16	1.70129
2760	96.19	1.68935
2761	96.2	1.69115
2762	96.26	1.65904
2763	96.36	1.64633
2764	96.41	1.64375
2765	96.47	1.67006
2766	96.59	1.64982
2767	96.62	1.63573
2768	96.65	1.63936
2769	96.75	1.60857
2770	96.79	1.583
2771	96.87	1.52745
2772	96.92	1.52105
2773	96.98	1.5361
2774	97.02	1.52958
2775	97.04	1.53571
2776	97.13	1.48765
2777	97.19	1.48118
2778	97.2	1.48324
2779	97.24	1.49077
2780	97.29	1.49863
2781	97.36	1.52
2782	97.41	1.53685
2783	97.46	1.51275
2784	97.52	1.45931
2785	97.54	1.45203
2786	97.6	1.44222
2787	97.64	1.43192
2788	97.69	1.39782
2789	97.71	1.40211
2790	97.76	1.35735
2791	97.79	1.36598
2792	97.84	1.33955
2793	97.88	1.34373
2794	97.93	1.29039
2795	97.97	1.24463
2796	97.99	1.22878
2797	98.02	1.23272
2798	98.07	1.18537
2799	98.07	1.18537
2800	93.81	2.10093
2801	93.81	2.10093
2802	93.82	2.10893
2803	93.82	2.10893
2804	93.82	2.10893
2805	93.82	2.10893
2806	93.84	2.11528
2807	93.84	2.11528
2808	93.84	2.11528
2809	93.84	2.11528
2810	93.84	2.11528
2811	93.84	2.11528
2812	93.84	2.11528
2813	93.84	2.11528
2814	93.84	2.11528
2815	93.84	2.11528
2816	93.84	2.11528
2817	93.84	2.11528
2818	93.84	2.11528
2819	93.84	2.11528
2820	93.84	2.11528
2821	93.84	2.11528
2822	93.84	2.11528
2823	93.84	2.11528
2824	93.84	2.11528
2825	93.85	2.10891
2826	93.85	2.10891
2827	93.85	2.10891
2828	93.86	2.10247
2829	93.87	2.09597
2830	93.87	2.09597
2831	93.89	2.11137
2832	93.9	2.11424
2833	93.92	2.11981
2834	93.98	2.12594
2835	94.02	2.09752
2836	94.11	2.13023
2837	94.14	2.11197
2838	94.24	2.09819
2839	94.34	2.08432
2840	94.46	2.05631
2841	94.51	2.04692
2842	94.64	2.06649
2843	94.79	2.0557
2844	94.86	2.00509
2845	94.98	2.00489
2846	95.1	1.95192
2847	95.17	1.94451
2848	95.31	1.92715
2849	95.39	1.90733
2850	95.51	1.86813
2851	95.54	1.8784
2852	95.58	1.88775
2853	95.68	1.89673
2854	95.72	1.88191
2855	95.81	1.87454
2856	95.9	1.83576
2857	95.96	1.85429
2858	95.99	1.86277
2859	96.06	1.80455
2860	96.12	1.77358
2861	96.19	1.78154
2862	96.22	1.79767
2863	96.25	1.80208
2864	96.29	1.80164
2865	96.38	1.82636
2866	96.46	1.79677
2867	96.53	1.75758
2868	96.58	1.74459
2869	96.62	1.76511
2870	96.67	1.72659
2871	96.7	1.71172
2872	96.78	1.68274
2873	96.87	1.63496
2874	96.92	1.62284
2875	96.93	1.62022
2876	96.97	1.60284
2877	97.01	1.57159
2878	97.05	1.53867
2879	97.09	1.54981
2880	97.13	1.5143
2881	97.16	1.52132
2882	97.21	1.50529
2883	97.24	1.48405
2884	97.27	1.46188
2885	97.29	1.46489
2886	97.39	1.50263
2887	97.44	1.49211
2888	97.51	1.47306
2889	97.52	1.46615
2890	97.56	1.4375
2891	97.61	1.43454
2892	97.67	1.4426
2893	97.74	1.39011
2894	97.77	1.36275
2895	97.78	1.36074
2896	97.8	1.35647
2897	97.84	1.31697
2898	97.89	1.2798
2899	97.93	1.26693
2900	93.73	1.95885
2901	93.73	1.95885
2902	93.73	1.95885
2903	93.73	1.95885
2904	93.73	1.95885
2905	93.73	1.95885
2906	93.73	1.95885
2907	93.73	1.95885
2908	93.73	1.95885
2909	93.73	1.95885
2910	93.73	1.95885
2911	93.73	1.95885
2912	93.73	1.95885
2913	93.73	1.95885
2914	93.73	1.95885
2915	93.73	1.95885
2916	93.73	1.95885
2917	93.73	1.95885
2918	93.74	1.94227
2919	93.74	1.94227
2920	93.75	1.941
2921	93.75	1.941
2922	93.75	1.941
2923	93.75	1.941
2924	93.75	1.941
2925	93.75	1.941
2926	93.75	1.941
2927	93.75	1.941
2928	93.77	1.94348
2929	93.8	1.94936
2930	93.83	1.94964
2931	93.84	1.95816
2932	93.9	1.94679
2933	93.96	1.92312
2934	94.02	1.90252
2935	94.06	1.89642
2936	94.12	1.91979
2937	94.14	1.90798
2938	94.25	1.88348
2939	94.37	1.87965
2940	94.54	1.87307
2941	94.64	1.83586
2942	94.72	1.80044
2943	94.76	1.81174
2944	94.84	1.79287
2945	94.97	1.7802
2946	95.06	1.79343
2947	95.15	1.75143
2948	95.23	1.73698
2949	95.35	1.75713
2950	95.46	1.78
2951	95.51	1.75781
2952	95.58	1.74459
2953	95.67	1.7496
2954	95.76	1.72116
2955	95.82	1.74
2956	95.88	1.73943
2957	95.96	1.71418
2958	96.04	1.66685
2959	96.11	1.64861
2960	96.15	1.63325
2961	96.24	1.59449
2962	96.27	1.60533
2963	96.33	1.65563
2964	96.4	1.66733
2965	96.48	1.65215
2966	96.56	1.66925
2967	96.6	1.66733
2968	96.67	1.61279
2969	96.71	1.62046
2970	96.77	1.61155
2971	96.83	1.60658
2972	96.89	1.62416
2973	96.93	1.64472
2974	97.02	1.64305
2975	97.05	1.66358
2976	97.09	1.67389
2977	97.13	1.67723
2978	97.18	1.61481
2979	97.24	1.61938
2980	97.27	1.61775
2981	97.3	1.62788
2982	97.33	1.62515
2983	97.38	1.59862
2984	97.41	1.58805
2985	97.43	1.58906
2986	97.49	1.58427
2987	97.49	1.58427
2988	97.53	1.55856
2989	97.55	1.57083
2990	97.56	1.57683
2991	97.6	1.58114
2992	97.68	1.58669
2993	97.72	1.58795
2994	97.76	1.54997
2995	97.82	1.57086
2996	97.86	1.56857
2997	97.87	1.55342
2998	97.91	1.54981
2999	97.93	1.52483
3000	98.46	1.13508
3001	98.46	1.13508
3002	98.46	1.13508
3003	98.46	1.13508
3004	98.46	1.13508
3005	98.46	1.13508
3006	98.46	1.13508
3007	98.46	1.13508
3008	98.46	1.13508
3009	98.46	1.13508
3010	98.46	1.13508
3011	98.46	1.13508
3012	98.46	1.13508
3013	98.46	1.13508
3014	98.46	1.13508
3015	98.46	1.13508
3016	98.46	1.13508
3017	98.46	1.13508
3018	98.46	1.13508
3019	98.47	1.13539
3020	98.47	1.13539
3021	98.47	1.13539
3022	98.47	1.13539
3023	98.47	1.13539
3024	98.47	1.13539
3025	98.47	1.13539
3026	98.47	1.13539
3027	98.47	1.13539
3028	98.47	1.13539
3029	98.47	1.13539
3030	98.47	1.13539
3031	98.47	1.13539
3032	98.49	1.11799
3033	98.5	1.10905
3034	98.5	1.10905
3035	98.52	1.12677
3036	98.55	1.12583
3037	98.56	1.12534
3038	98.59	1.1054
3039	98.63	1.11045
3040	98.65	1.09886
3041	98.68	1.07592
3042	98.71	1.07977
3043	98.74	1.0547
3044	98.77	1.03783
3045	98.79	1.03242
3046	98.85	1.02347
3047	98.89	1.01877
3048	98.93	0.992522
3049	98.97	0.974218
3050	98.98	0.979592
3051	99	0.989949
3052	99.05	0.931397
3053	99.07	0.930108
3054	99.09	0.917551
3055	99.11	0.915369
3056	99.15	0.90967
3057	99.16	0.913455
3058	99.2	0.905539
3059	99.21	0.875157
3060	99.22	0.866949
3061	99.23	0.870115
3062	99.23	0.870115
3063	99.28	0.800999
3064	99.28	0.800999
3065	99.3	0.793725
3066	99.32	0.798499
3067	99.34	0.79019
3068	99.35	0.779423
3069	99.35	0.779423
3070	99.38	0.784602
3071	99.39	0.786066
3072	99.42	0.789683
3073	99.42	0.789683
3074	99.43	0.764918
3075	99.44	0.765768
3076	99.44	0.765768
3077	99.46	0.767072
3078	99.46	0.767072
3079	99.46	0.767072
3080	99.5	0.74162
3081	99.51	0.741552
3082	99.52	0.74135
3083	99.52	0.74135
3084	99.52	0.74135
3085	99.53	0.727393
3086	99.55	0.698212
3087	99.56	0.668132
3088	99.57	0.667158
3089	99.58	0.650846
3090	99.59	0.649538
3091	99.6	0.632456
3092	99.61	0.614736
3093	99.62	0.612862
3094	99.63	0.610819
3095	99.63	0.610819
3096	99.63	0.610819
3097	99.63	0.610819
3098	99.64	0.608605
3099	99.67	0.584038
3100	98.14	1.34179
3101	98.14	1.34179
3102	98.14	1.34179
3103	98.14	1.34179
3104	98.14	1.34179
3105	98.14	1.34179
3106	98.14	1.34179
3107	98.14	1.34179
3108	98.14	1.34179
3109	98.14	1.34179
3110	98.14	1.34179
3111	98.14	1.34179
3112	98.14	1.34179
3113	98.14	1.34179
3114	98.14	1.34179
3115	98.14	1.34179
3116	98.14	1.34179
3117	98.14	1.34179
3118	98.14	1.34179
3119	98.14	1.34179
3120	98.14	1.34179
3121	98.14	1.34179
3122	98.14	1.34179
3123	98.14	1.34179
3124	98.14	1.34179
3125	98.14	1.34179
3126	98.14	1.34179
3127	98.14	1.34179
3128	98.14	1.34179
3129	98.14	1.34179
3130	98.14	1.34179
3131	98.14	1.34179
3132	98.14	1.34179
3133	98.16	1.347
3134	98.16	1.347
3135	98.19	1.3015
3136	98.21	1.27511
3137	98.21	1.27511
3138	98.21	1.27511
3139	98.25	1.28355
3140	98.29	1.27511
3141	98.31	1.27824
3142	98.36	1.28468
3143	98.4	1.26491
3144	98.44	1.24354
3145	98.48	1.21227
3146	98.5	1.20416
3147	98.52	1.19566
3148	98.55	1.2114
3149	98.57	1.21041
3150	98.61	1.19076
3151	98.64	1.17915
3152	98.68	1.13912
3153	98.73	1.11225
3154	98.75	1.12583
3155	98.76	1.10562
3156	98.76	1.10562
3157	98.76	1.10562
3158	98.77	1.11225
3159	98.77	1.11225
3160	98.77	1.11225
3161	98.79	1.1072
3162	98.82	1.09891
3163	98.85	1.08972
3164	98.86	1.07722
3165	98.88	1.04192
3166	98.91	1.02074
3167	98.94	0.998198
3168	98.95	0.99373
3169	98.96	0.989141
3170	98.96	0.989141
3171	98.97	0.984429
3172	99	0.969536
3173	99	0.969536
3174	99	0.969536
3175	99.01	0.974628
3176	99.03	0.942921
3177	99.05	0.931397
3178	99.09	0.928386
3179	99.1	0.921954
3180	99.14	0.905759
3181	99.14	0.905759
3182	99.16	0.913455
3183	99.18	0.909725
3184	99.2	0.894427
3185	99.21	0.897719
3186	99.22	0.889719
3187	99.24	0.873155
3188	99.26	0.878863
3189	99.27	0.881533
3190	99.32	0.835225
3191	99.34	0.839285
3192	99.36	0.830903
3193	99.37	0.832526
3194	99.41	0.762824
3195	99.45	0.726292
3196	99.45	0.726292
3197	99.47	0.699357
3198	99.48	0.699714
3199	99.48	0.699714
3200	98.25	1.34443
3201	98.25	1.34443
3202	98.25	1.34443
3203	98.25	1.34443
3204	98.25	1.34443
3205	98.25	1.34443
3206	98.25	1.34443
3207	98.25	1.34443
3208	98.25	1.34443
3209	98.25	1.34443
3210	98.25	1.34443
3211	98.25	1.34443
3212	98.25	1.34443
3213	98.26	1.34625
3214	98.26	1.34625
3215	98.26	1.34625
3216	98.26	1.34625
3217	98.26	1.34625
3218	98.26	1.34625
3219	98.26	1.34625
3220	98.26	1.34625
3221	98.26	1.34625
3222	98.26	1.34625
3223	98.26	1.34625
3224	98.26	1.34625
3225	98.26	1.34625
3226	98.26	1.34625
3227	98.26	1.34625
3228	98.26	1.34625
3229	98.27	1.34056
3230	98.28	1.32725
3231	98.29	1.31374
3232	98.29	1.31374
3233	98.29	1.31374
3234	98.33	1.28884
3235	98.35	1.29132
3236	98.35	1.29132
3237	98.36	1.29244
3238	98.39	1.26408
3239	98.4	1.26491
3240	98.47	1.23657
3241	98.5	1.21244
3242	98.54	1.22
3243	98.6	1.21655
3244	98.65	1.2114
3245	98.69	1.18908
3246	98.73	1.15633
3247	98.77	1.14765
3248	98.83	1.13186
3249	98.87	1.13715
3250	98.91	1.14101
3251	98.95	1.12583
3252	98.98	1.10436
3253	99	1.07703
3254	99.01	1.07233
3255	99.01	1.07233
3256	99.04	1.04805
3257	99.06	1.0566
3258	99.1	0.974679
3259	99.11	0.968452
3260	99.14	0.969742
3261	99.14	0.969742
3262	99.14	0.969742
3263	99.16	0.966644
3264	99.16	0.966644
3265	99.19	0.913181
3266	99.2	0.916515
3267	99.22	0.911921
3268	99.22	0.911921
3269	99.24	0.895768
3270	99.26	0.878863
3271	99.26	0.878863
3272	99.29	0.803679
3273	99.3	0.806226
3274	99.31	0.808641
3275	99.32	0.810925
3276	99.35	0.779423
3277	99.38	0.745386
3278	99.38	0.745386
3279	99.41	0.722426
3280	99.41	0.722426
3281	99.42	0.709648
3282	99.44	0.697424
3283	99.45	0.698212
3284	99.47	0.699357
3285	99.48	0.699714
3286	99.48	0.699714
3287	99.48	0.699714
3288	99.5	0.685565
3289	99.52	0.685274
3290	99.56	0.682935
3291	99.57	0.681982
3292	99.57	0.681982
3293	99.58	0.680882
3294	99.58	0.680882
3295	99.58	0.680882
3296	99.58	0.680882
3297	99.58	0.680882
3298	99.6	0.648074
3299	99.6	0.648074
3300	98.21	1.12512
3301	98.21	1.12512
3302	98.21	1.12512
3303	98.21	1.12512
3304	98.21	1.12512
3305	98.21	1.12512
3306	98.21	1.12512
3307	98.21	1.12512
3308	98.21	1.12512
3309	98.21	1.12512
3310	98.21	1.12512
3311	98.21	1.12512
3312	98.21	1.12512
3313	98.21	1.12512
3314	98.21	1.12512
3315	98.21	1.12512
3316	98.21	1.12512
3317	98.21	1.12512
3318	98.21	1.12512
3319	98.21	1.12512
3320	98.21	1.12512
3321	98.21	1.12512
3322	98.21	1.12512
3323	98.21	1.12512
3324	98.21	1.12512
3325	98.21	1.12512
3326	98.21	1.12512
3327	98.21	1.12512
3328	98.21	1.12512
3329	98.21	1.12512
3330	98.21	1.12512
3331	98.21	1.12512
3332	98.22	1.11875
3333	98.25	1.14346
3334	98.25	1.14346
3335	98.27	1.13009
3336	98.29	1.1162
3337	98.32	1.12143
3338	98.34	1.11553
3339	98.35	1.11692
3340	98.36	1.11821
3341	98.4	1.13137
3342	98.42	1.08793
3343	98.47	1.08125
3344	98.53	0.994535
3345	98.56	0.972831
3346	98.59	0.980765
3347	98.63	0.965971
3348	98.65	0.983616
3349	98.66	0.982039
3350	98.68	0.968297
3351	98.73	0.957653
3352	98.76	0.98102
3353	98.78	0.965194
3354	98.8	0.959166
3355	98.81	0.945463
3356	98.83	0.927955
3357	98.88	0.84
3358	98.9	0.830662
3359	98.92	0.844748
3360	98.93	0.851528
3361	98.97	0.842081
3362	99	0.812404
3363	99.01	0.818474
3364	99.03	0.817985
3365	99.03	0.817985
3366	99.09	0.825772
3367	99.1	0.793725
3368	99.13	0.77013
3369	99.15	0.766485
3370	99.15	0.766485
3371	99.15	0.766485
3372	99.18	0.766551
3373	99.19	0.757562
3374	99.21	0.73885
3375	99.23	0.732871
3376	99.25	0.698212
3377	99.25	0.698212
3378	99.25	0.698212
3379	99.25	0.698212
3380	99.25	0.698212
3381	99.26	0.701712
3382	99.27	0.705053
3383	99.29	0.711266
3384	99.3	0.685565
3385	99.31	0.673721
3386	99.33	0.679043
3387	99.35	0.668954
3388	99.36	0.656049
3389	99.37	0.658103
3390	99.39	0.66174
3391	99.39	0.66174
3392	99.42	0.666033
3393	99.44	0.668132
3394	99.48	0.624179
3395	99.48	0.624179
3396	99.5	0.608276
3397	99.5	0.608276
3398	99.52	0.574108
3399	99.54	0.573062
3400	98.28	1.14088
3401	98.28	1.14088
3402	98.28	1.14088
3403	98.28	1.14088
3404	98.28	1.14088
3405	98.28	1.14088
3406	98.28	1.14088
3407	98.28	1.14088
3408	98.28	1.14088
3409	98.28	1.14088
3410	98.28	1.14088
3411	98.28	1.14088
3412	98.28	1.14088
3413	98.28	1.14088
3414	98.28	1.14088
3415	98.28	1.14088
3416	98.28	1.14088
3417	98.28	1.14088
3418	98.28	1.14088
3419	98.28	1.14088
3420	98.28	1.14088
3421	98.28	1.14088
3422	98.28	1.14088
3423	98.28	1.14088
3424	98.28	1.14088
3425	98.28	1.14088
3426	98.28	1.14088
3427	98.28	1.14088
3428	98.28	1.14088
3429	98.28	1.14088
3430	98.3	1.15326
3431	98.31	1.14625
3432	98.32	1.13912
3433	98.32	1.13912
3434	98.32	1.13912
3435	98.33	1.14066
3436	98.33	1.14066
3437	98.34	1.13331
3438	98.36	1.13596
3439	98.37	1.11942
3440	98.4	1.10454
3441	98.44	1.09836
3442	98.5	1.07238
3443	98.52	1.08148
3444	98.56	1.06132
3445	98.6	1.06771
3446	98.64	1.0632
3447	98.68	1.04766
3448	98.69	1.0459
3449	98.7	1.04403
3450	98.72	1.02059
3451	98.78	0.9755
3452	98.83	0.970103
3453	98.85	0.963068
3454	98.86	0.969742
3455	98.9	0.943398
3456	98.92	0.934666
3457	98.94	0.936162
3458	98.96	0.93723
3459	98.98	0.93787
3460	98.99	0.932684
3461	99.01	0.877439
3462	99.04	0.870862
3463	99.08	0.856505
3464	99.1	0.830662
3465	99.12	0.790949
3466	99.14	0.787655
3467	99.15	0.792149
3468	99.19	0.796178
3469	99.19	0.796178
3470	99.2	0.8
3471	99.2	0.8
3472	99.23	0.785557
3473	99.23	0.785557
3474	99.26	0.78256
3475	99.28	0.762627
3476	99.29	0.752263
3477	99.29	0.752263
3478	99.3	0.74162
3479	99.31	0.730685
3480	99.31	0.730685
3481	99.31	0.730685
3482	99.31	0.730685
3483	99.31	0.730685
3484	99.33	0.721873
3485	99.34	0.724155
3486	99.36	0.714423
3487	99.37	0.702211
3488	99.39	0.70562
3489	99.39	0.70562
3490	99.42	0.695414
3491	99.42	0.695414
3492	99.43	0.696491
3493	99.44	0.697424
3494	99.44	0.697424
3495	99.46	0.684398
3496	99.48	0.670522
3497	99.49	0.670746
3498	99.49	0.670746
3499	99.51	0.655668
3500	97.95	1.40979
3501	97.95	1.40979
3502	97.95	1.40979
3503	97.95	1.40979
3504	97.95	1.40979
3505	97.95	1.40979
3506	97.95	1.40979
3507	97.95	1.40979
3508	97.95	1.40979
3509	97.95	1.40979
3510	97.95	1.40979
3511	97.95	1.40979
3512	97.95	1.40979
3513	97.95	1.40979
3514	97.95	1.40979
3515	97.95	1.40979
3516	97.95	1.40979
3517	97.95	1.40979
3518	97.96	1.39943
3519	97.96	1.39943
3520	97.96	1.39943
3521	97.96	1.39943
3522	97.96	1.39943
3523	97.96	1.39943
3524	97.96	1.39943
3525	97.96	1.39943
3526	97.96	1.39943
3527	97.96	1.39943
3528	97.96	1.39943
3529	97.96	1.39943
3530	97.96	1.39943
3531	97.96	1.39943
3532	97.96	1.39943
3533	97.97	1.3817
3534	97.98	1.36367
3535	97.98	1.36367
3536	98	1.33417
3537	98.02	1.34149
3538	98.05	1.29904
3539	98.05	1.29904
3540	98.09	1.24976
3541	98.13	1.21371
3542	98.15	1.19478
3543	98.15	1.19478
3544	98.19	1.20578
3545	98.23	1.18199
3546	98.27	1.15633
3547	98.3	1.14455
3548	98.37	1.11942
3549	98.43	1.11584
3550	98.44	1.10743
3551	98.47	1.08125
3552	98.5	1.08167
3553	98.51	1.07233
3554	98.53	1.06259
3555	98.55	1.06184
3556	98.58	1.04096
3557	98.62	1.03711
3558	98.67	1.0301
3559	98.7	1.0247
3560	98.75	1.0332
3561	98.78	1.03518
3562	98.81	0.996945
3563	98.83	0.990505
3564	98.84	0.987117
3565	98.88	0.97242
3566	98.89	0.968452
3567	98.89	0.968452
3568	98.9	0.974679
3569	98.91	0.970515
3570	98.94	0.967678
3571	98.95	0.942072
3572	98.98	0.958958
3573	98.99	0.953887
3574	99.02	0.916297
3575	99.02	0.916297
3576	99.06	0.914549
3577	99.09	0.884251
3578	99.09	0.884251
3579	99.1	0.877496
3580	99.12	0.84
3581	99.15	0.829156
3582	99.18	0.817068
3583	99.18	0.817068
3584	99.19	0.820914
3585	99.21	0.816027
3586	99.22	0.807217
3587	99.23	0.785557
3588	99.27	0.759671
3589	99.27	0.759671
3590	99.28	0.7494
3591	99.29	0.73885
3592	99.3	0.74162
3593	99.3	0.74162
3594	99.3	0.74162
3595	99.31	0.744245
3596	99.32	0.733212
3597	99.33	0.721873
3598	99.34	0.724155
3599	99.34	0.724155
3600	98.03	1.21206
3601	98.03	1.21206
3602	98.03	1.21206
3603	98.03	1.21206
3604	98.03	1.21206
3605	98.04	1.20764
3606	98.04	1.20764
3607	98.04	1.20764
3608	98.04	1.20764
3609	98.04	1.20764
3610	98.04	1.20764
3611	98.04	1.20764
3612	98.04	1.20764
3613	98.04	1.20764
3614	98.04	1.20764
3615	98.04	1.20764
3616	98.04	1.20764
3617	98.04	1.20764
3618	98.04	1.20764
3619	98.04	1.20764
3620	98.04	1.20764
3621	98.04	1.20764
3622	98.04	1.20764
3623	98.04	1.20764
3624	98.04	1.20764
3625	98.04	1.20764
3626	98.04	1.20764
3627	98.04	1.20764
3628	98.05	1.20312
3629	98.05	1.20312
3630	98.05	1.20312
3631	98.05	1.20312
3632	98.05	1.20312
3633	98.05	1.20312
3634	98.06	1.21507
3635	98.06	1.21507
3636	98.09	1.20079
3637	98.14	1.18338
3638	98.16	1.18085
3639	98.19	1.17213
3640	98.23	1.16495
3641	98.24	1.16722
3642	98.26	1.1543
3643	98.31	1.1375
3644	98.38	1.17286
3645	98.42	1.16773
3646	98.45	1.14346
3647	98.5	1.13578
3648	98.55	1.11692
3649	98.61	1.13925
3650	98.61	1.13925
3651	98.64	1.10923
3652	98.69	1.0742
3653	98.72	1.05906
3654	98.76	1.04995
3655	98.79	1.05162
3656	98.79	1.05162
3657	98.83	1.0301
3658	98.85	1.01366
3659	98.85	1.01366
3660	98.87	1.02621
3661	98.9	1.01489
3662	98.9	1.01489
3663	98.91	1.00095
3664	98.93	1.01247
3665	98.94	1.00817
3666	98.94	1.00817
3667	98.94	1.00817
3668	98.97	0.984429
3669	98.98	0.989747
3670	99.01	0.964313
3671	99.03	0.953467
3672	99.05	0.931397
3673	99.06	0.914549
3674	99.07	0.90835
3675	99.12	0.863481
3676	99.13	0.867813
3677	99.16	0.856971
3678	99.17	0.849176
3679	99.19	0.833007
3680	99.19	0.833007
3681	99.2	0.83666
3682	99.21	0.828191
3683	99.23	0.798185
3684	99.23	0.798185
3685	99.24	0.801499
3686	99.28	0.788416
3687	99.29	0.791138
3688	99.31	0.757562
3689	99.31	0.757562
3690	99.31	0.757562
3691	99.32	0.746726
3692	99.32	0.746726
3693	99.35	0.71239
3694	99.36	0.714423
3695	99.37	0.702211
3696	99.37	0.702211
3697	99.37	0.702211
3698	99.38	0.689638
3699	99.38	0.689638
3700	98.07	1.18537
3701	98.07	1.18537
3702	98.07	1.18537
3703	98.07	1.18537
3704	98.07	1.18537
3705	98.07	1.18537
3706	98.07	1.18537
3707	98.07	1.18537
3708	98.07	1.18537
3709	98.07	1.18537
3710	98.07	1.18537
3711	98.07	1.18537
3712	98.07	1.18537
3713	98.07	1.18537
3714	98.08	1.18051
3715	98.08	1.18051
3716	98.08	1.18051
3717	98.08	1.18051
3718	98.08	1.18051
3719	98.08	1.18051
3720	98.08	1.18051
3721	98.08	1.18051
3722	98.08	1.18051
3723	98.08	1.18051
3724	98.08	1.18051
3725	98.08	1.18051
3726	98.08	1.18051
3727	98.08	1.18051
3728	98.08	1.18051
3729	98.09	1.1584
3730	98.09	1.1584
3731	98.09	1.1584
3732	98.1	1.1619
3733	98.12	1.16
3734	98.14	1.16636
3735	98.16	1.15516
3736	98.18	1.16086
3737	98.21	1.16872
3738	98.25	1.14346
3739	98.29	1.12512
3740	98.33	1.14066
3741	98.35	1.11692
3742	98.41	1.09631
3743	98.41	1.09631
3744	98.49	1.14451
3745	98.52	1.12677
3746	98.57	1.0794
3747	98.59	1.0686
3748	98.62	1.06565
3749	98.63	1.05504
3750	98.68	1.01863
3751	98.68	1.01863
3752	98.73	1.02815
3753	98.75	1.02347
3754	98.76	1.03073
3755	98.79	1.03242
3756	98.81	1.0266
3757	98.85	0.99373
3758	98.87	0.965971
3759	98.9	0.943398
3760	98.92	0.913017
3761	98.93	0.919293
3762	98.94	0.925419
3763	98.95	0.920598
3764	98.97	0.932255
3765	99.01	0.953887
3766	99.03	0.932255
3767	99.04	0.926499
3768	99.04	0.926499
3769	99.04	0.926499
3770	99.09	0.895489
3771	99.1	0.9
3772	99.13	0.879261
3773	99.13	0.879261
3774	99.15	0.864581
3775	99.16	0.856971
3776	99.19	0.844926
3777	99.19	0.844926
3778	99.21	0.840179
3779	99.23	0.810617
3780	99.24	0.801499
3781	99.27	0.798185
3782	99.28	0.775629
3783	99.31	0.744245
3784	99.33	0.721873
3785	99.36	0.700286
3786	99.37	0.702211
3787	99.38	0.689638
3788	99.39	0.691303
3789	99.4	0.69282
3790	99.41	0.679632
3791	99.44	0.668132
3792	99.45	0.668954
3793	99.45	0.668954
3794	99.46	0.669627
3795	99.48	0.655439
3796	99.5	0.655744
3797	99.5	0.655744
3798	99.5	0.655744
3799	99.5	0.655744
3800	97.93	1.26693
3801	97.93	1.26693
3802	97.93	1.26693
3803	97.93	1.26693
3804	97.93	1.26693
3805	97.93	1.26693
3806	97.93	1.26693
3807	97.93	1.26693
3808	97.93	1.26693
3809	97.93	1.26693
3810	97.93	1.26693
3811	97.93	1.26693
3812	97.93	1.26693
3813	97.93	1.26693
3814	97.93	1.26693
3815	97.93	1.26693
3816	97.93	1.26693
3817	97.93	1.26693
3818	97.93	1.26693
3819	97.93	1.26693
3820	97.93	1.26693
3821	97.93	1.26693
3822	97.93	1.26693
3823	97.93	1.26693
3824	97.93	1.26693
3825	97.93	1.26693
3826	97.93	1.26693
3827	97.93	1.26693
3828	97.93	1.26693
3829	97.93	1.26693
3830	97.93	1.26693
3831	97.93	1.26693
3832	97.93	1.26693
3833	97.94	1.27922
3834	97.96	1.28779
3835	97.96	1.28779
3836	97.97	1.29194
3837	97.99	1.28448
3838	98.05	1.24399
3839	98.06	1.23142
3840	98.08	1.23028
3841	98.13	1.23008
3842	98.18	1.19482
3843	98.23	1.1735
3844	98.28	1.12321
3845	98.31	1.1375
3846	98.37	1.11942
3847	98.42	1.10616
3848	98.42	1.10616
3849	98.47	1.08125
3850	98.49	1.08162
3851	98.51	1.08162
3852	98.53	1.05314
3853	98.54	1.05281
3854	98.58	1.05052
3855	98.61	1.03822
3856	98.63	1.02621
3857	98.65	1.02347
3858	98.68	1.01863
3859	98.72	1.03034
3860	98.73	1.02815
3861	98.76	1.0012
3862	98.79	0.992925
3863	98.82	0.96312
3864	98.83	0.970103
3865	98.85	0.942072
3866	98.87	0.94504
3867	98.89	0.936963
3868	98.93	0.930108
3869	98.93	0.930108
3870	98.96	0.893532
3871	98.97	0.865506
3872	98.98	0.86
3873	98.98	0.86
3874	99.01	0.830602
3875	99.04	0.835703
3876	99.04	0.835703
3877	99.07	0.839702
3878	99.07	0.839702
3879	99.09	0.813572
3880	99.09	0.813572
3881	99.1	0.818535
3882	99.14	0.81265
3883	99.15	0.804674
3884	99.15	0.804674
3885	99.16	0.80895
3886	99.17	0.813081
3887	99.17	0.813081
3888	99.2	0.8
3889	99.24	0.788923
3890	99.25	0.792149
3891	99.26	0.795236
3892	99.31	0.770649
3893	99.34	0.751266
3894	99.35	0.739932
3895	99.38	0.731847
3896	99.39	0.733417
3897	99.39	0.733417
3898	99.4	0.734847
3899	99.42	0.709648
3900	97.93	1.52483
3901	97.93	1.52483
3902	97.93	1.52483
3903	97.93	1.52483
3904	97.93	1.52483
3905	97.93	1.52483
3906	97.93	1.52483
3907	97.93	1.52483
3908	97.93	1.52483
3909	97.93	1.52483
3910	97.93	1.52483
3911	97.93	1.52483
3912	97.93	1.52483
3913	97.93	1.52483
3914	97.93	1.52483
3915	97.93	1.52483
3916	97.93	1.52483
3917	97.93	1.52483
3918	97.93	1.52483
3919	97.93	1.52483
3920	97.93	1.52483
3921	97.93	1.52483
3922	97.93	1.52483
3923	97.93	1.52483
3924	97.93	1.52483
3925	97.93	1.52483
3926	97.93	1.52483
3927	97.93	1.52483
3928	97.93	1.52483
3929	97.94	1.52197
3930	97.94	1.52197
3931	97.96	1.49613
3932	97.96	1.49613
3933	97.96	1.49613
3934	97.97	1.4863
3935	98	1.44914
3936	98.01	1.44565
3937	98.07	1.39467
3938	98.08	1.39054
3939	98.09	1.39352
3940	98.14	1.40014
3941	98.17	1.40752
3942	98.19	1.39065
3943	98.23	1.38459
3944	98.28	1.35706
3945	98.33	1.32706
3946	98.35	1.32193
3947	98.39	1.28759
3948	98.43	1.28261
3949	98.47	1.2606
3950	98.51	1.24495
3951	98.54	1.23628
3952	98.58	1.20979
3953	98.6	1.19164
3954	98.63	1.1803
3955	98.63	1.1803
3956	98.64	1.17064
3957	98.66	1.15083
3958	98.69	1.15495
3959	98.69	1.15495
3960	98.71	1.14276
3961	98.73	1.1389
3962	98.76	1.11463
3963	98.79	1.12512
3964	98.8	1.09545
3965	98.81	1.09266
3966	98.85	1.07121
3967	98.86	1.05849
3968	98.86	1.05849
3969	98.86	1.05849
3970	98.86	1.05849
3971	98.87	1.04551
3972	98.9	1.05357
3973	98.92	1.06471
3974	98.92	1.06471
3975	98.96	1.05754
3976	98.99	1.01484
3977	99.01	1.00494
3978	99.02	0.9998
3979	99.02	0.9998
3980	99.04	0.978979
3981	99.07	0.940798
3982	99.09	0.906587
3983	99.1	0.911043
3984	99.12	0.897552
3985	99.13	0.901721
3986	99.14	0.905759
3987	99.16	0.902441
3988	99.16	0.902441
3989	99.17	0.883799
3990	99.18	0.864639
3991	99.18	0.864639
3992	99.19	0.844926
3993	99.19	0.844926
3994	99.2	0.848528
3995	99.21	0.851998
3996	99.22	0.855336
3997	99.22	0.855336
3998	99.24	0.838093
3999	99.26	0.82
4000	99.67	0.584038
