1	19.22	1.66481
2	20.58	1.69222
3	21.96	1.54221
4	23.07	1.71613
5	24.46	1.60885
6	25.88	1.64487
7	27.28	1.92914
8	28.6	1.96469
9	29.97	2.07584
10	31.45	1.91507
11	32.53	1.94656
12	33.75	2.13717
13	34.98	2.23598
14	36.14	2.16804
15	37.28	2.25867
16	38.59	2.14054
17	39.89	2.26228
18	41.16	2.3779
19	42.23	2.37004
20	43.22	2.44369
21	44.37	2.51657
22	45.42	2.60453
23	46.51	2.50797
24	47.74	2.12424
25	48.63	2.11024
26	49.72	2.15444
27	50.72	2.28508
28	51.88	2.21486
29	52.76	2.19144
30	53.57	2.13192
31	54.56	2.29486
32	55.33	2.31972
33	56.46	2.27341
34	57.26	2.3092
35	58.2	2.502
36	58.93	2.62013
37	59.67	2.67976
38	60.65	2.69954
39	61.44	2.76883
40	62.21	2.71033
41	63.09	2.64989
42	63.83	2.66479
43	64.46	2.55507
44	65.29	2.69182
45	65.85	2.60144
46	66.64	2.70747
47	67.17	2.71682
48	67.79	2.82239
49	68.56	2.75797
50	69.11	2.88754
51	69.76	2.96688
52	70.35	3.00458
53	70.75	2.99124
54	71.25	2.96437
55	71.84	3.0024
56	72.35	2.88574
57	72.86	2.78216
58	73.31	2.91443
59	73.68	2.76
60	74.1	2.72213
61	74.63	2.90398
62	75.11	2.78171
63	75.55	2.84737
64	75.86	2.82142
65	76.17	2.818
66	76.55	2.77624
67	77	2.91204
68	77.21	2.92676
69	77.51	2.91374
70	77.8	2.95973
71	78.19	2.8625
72	78.47	2.87908
73	78.88	3.03078
74	79.13	3.03531
75	79.4	3.02655
76	79.72	2.99025
77	79.93	2.98749
78	80.21	2.97757
79	80.52	2.97483
80	80.69	2.96882
81	80.91	2.92949
82	81.19	2.88338
83	81.41	2.9499
84	81.64	2.9716
85	81.85	2.98789
86	82.09	2.96005
87	82.33	2.83215
88	82.55	2.86487
89	82.79	2.8541
90	83.07	2.82225
91	83.35	2.81913
92	83.48	2.87569
93	83.68	2.88749
94	83.87	2.88324
95	84.08	2.86245
96	84.34	2.8292
97	84.54	2.82638
98	84.78	2.83401
99	84.98	2.76036
100	14.84	2.0036
101	16.04	2.14905
102	16.81	2.00846
103	17.6	1.93391
104	18.3	1.85203
105	19.13	1.84204
106	20.26	1.74711
107	21.46	1.68772
108	22.67	1.48361
109	24.04	1.77155
110	25.14	1.76647
111	26.32	1.71394
112	27.71	1.88306
113	28.97	2.15153
114	30.37	2.10074
115	31.67	1.93936
116	32.78	2.03263
117	33.86	2.37495
118	35.13	2.38602
119	36.55	2.16968
120	37.66	2.24152
121	38.86	2.30226
122	40.11	2.26228
123	41.19	2.45233
124	42.26	2.34359
125	43.45	2.35531
126	44.47	2.36413
127	45.56	2.41379
128	46.57	2.41766
129	47.42	2.36719
130	48.45	2.60912
131	49.57	2.69909
132	50.58	2.32886
133	51.43	2.57393
134	52.26	2.48845
135	53.2	2.6
136	54.11	2.60728
137	55.12	2.76507
138	55.94	2.88728
139	56.87	2.88671
140	57.52	2.79814
141	58.09	2.78243
142	58.92	2.77373
143	59.69	2.94854
144	60.39	2.87713
145	61.14	2.89489
146	61.85	2.89266
147	62.47	2.79448
148	63.24	2.89178
149	63.78	2.83048
150	64.38	2.87673
151	65.05	2.93726
152	65.62	2.90785
153	66.39	2.95599
154	66.92	3.05182
155	67.4	3.17175
156	67.99	3.24806
157	68.55	3.0996
158	68.9	3.06431
159	69.55	3.09314
160	69.98	3.20306
161	70.56	3.14426
162	70.89	3.19342
163	71.22	3.20181
164	71.68	3.25847
165	72.15	3.25384
166	72.68	3.1871
167	73.06	3.12352
168	73.4	3.14643
169	73.85	3.1253
170	74.2	3.20312
171	74.5	3.22025
172	74.78	3.19243
173	75.16	3.06503
174	75.45	3.09637
175	75.76	3.15949
176	76.08	3.12947
177	76.31	3.14228
178	76.59	3.1499
179	76.81	3.21153
180	77.22	3.25447
181	77.49	3.24806
182	77.81	3.20841
183	78.03	3.24794
184	78.25	3.24461
185	78.57	3.22879
186	78.81	3.23634
187	79.03	3.25409
188	79.32	3.21521
189	79.62	3.16158
190	79.83	3.1466
191	80.06	3.12672
192	80.31	3.18024
193	80.53	3.25409
194	80.73	3.20579
195	80.99	3.14164
196	81.21	3.12184
197	81.34	3.11519
198	81.63	3.16435
199	81.83	3.19392
200	14.75	1.9564
201	15.78	1.92655
202	16.72	1.7837
203	17.43	1.64472
204	18.47	1.63985
205	19.3	1.67033
206	20.32	1.84868
207	21.54	1.78
208	22.87	1.86898
209	24.48	1.9974
210	25.66	2.00609
211	26.89	1.99947
212	28.17	2.14502
213	29.46	2.18824
214	30.99	2.34732
215	32.31	2.44824
216	33.64	2.2069
217	34.56	2.3079
218	35.78	2.20717
219	37.03	2.30848
220	38.33	2.2674
221	39.25	2.0994
222	40.29	2.08947
223	41.48	2.17936
224	42.74	2.36059
225	43.55	2.38065
226	44.63	2.63308
227	45.77	2.33604
228	46.69	2.40705
229	47.44	2.37622
230	48.41	2.51434
231	49.54	2.46747
232	50.43	2.52291
233	51.29	2.60113
234	52.2	2.53377
235	52.99	2.48795
236	54.15	2.65471
237	54.91	2.66494
238	55.89	2.68289
239	56.65	2.53919
240	57.44	2.74343
241	58.18	2.73635
242	58.85	2.85088
243	59.63	2.87977
244	60.47	2.84413
245	61.24	2.94998
246	61.74	2.85174
247	62.4	2.81425
248	63.11	2.74188
249	63.74	2.9176
250	64.46	3.03783
251	65.16	2.8904
252	65.68	2.76
253	66.24	2.89524
254	66.67	2.8881
255	67.28	2.94985
256	67.81	2.86599
257	68.2	2.84956
258	68.75	2.86487
259	69.34	2.93333
260	69.85	2.98454
261	70.26	2.98871
262	70.66	2.93333
263	71.04	3.06242
264	71.5	3.07734
265	71.91	3.04334
266	72.35	3.11247
267	72.67	3.10823
268	73.09	3.09223
269	73.51	3.08057
270	73.87	3.04518
271	74.15	3.05737
272	74.59	3.14355
273	74.93	3.24732
274	75.21	3.16321
275	75.65	3.22607
276	75.95	3.29052
277	76.22	3.37218
278	76.47	3.26636
279	76.75	3.30568
280	77.06	3.25828
281	77.32	3.26766
282	77.58	3.25017
283	77.87	3.28529
284	78.05	3.26305
285	78.35	3.28443
286	78.59	3.21899
287	78.86	3.14649
288	79.18	3.16979
289	79.46	3.14458
290	79.72	3.15303
291	80.01	3.167
292	80.18	3.1761
293	80.39	3.0656
294	80.64	3.09361
295	80.92	3.06163
296	81.11	3.10772
297	81.34	3.0894
298	81.59	3.07277
299	81.84	3.15506
300	14.95	2.3211
301	16.24	2.19144
302	16.91	1.94985
303	17.69	1.80386
304	18.55	1.77412
305	19.46	1.75738
306	20.33	1.70326
307	21.45	1.73997
308	22.78	1.74115
309	24.04	1.56793
310	25.61	1.66069
311	26.9	1.57162
312	28.32	1.78818
313	29.58	1.69812
314	30.71	1.74525
315	31.85	1.84594
316	33.09	1.90313
317	34.18	2.11367
318	35.3	2.24722
319	36.66	2.33332
320	37.63	2.39439
321	39	2.26716
322	40.31	2.30952
323	41.18	2.32112
324	42.13	2.27884
325	43.21	2.33793
326	44.28	2.32843
327	45.34	2.54645
328	46.36	2.49207
329	47.33	2.4127
330	48.31	2.48071
331	49.28	2.48226
332	50.28	2.56156
333	51.3	2.45561
334	52.16	2.53661
335	53.05	2.48345
336	53.94	2.55272
337	54.83	2.60021
338	55.51	2.46372
339	56.55	2.44694
340	57.25	2.56271
341	58.1	2.57488
342	58.76	2.62724
343	59.41	2.68364
344	60.19	2.78458
345	60.97	2.80875
346	61.74	2.9073
347	62.36	2.87583
348	63.03	2.82296
349	63.65	2.75091
350	64.24	2.7023
351	64.9	2.78747
352	65.53	2.88948
353	66.16	2.9554
354	66.6	2.92233
355	67.24	2.92957
356	67.76	2.84998
357	68.3	2.88271
358	68.84	2.8904
359	69.34	2.97059
360	69.84	2.98235
361	70.25	3.07368
362	70.6	3.05614
363	70.95	3.03768
364	71.55	3.07693
365	72.04	3.06568
366	72.52	3.1096
367	72.92	3.18019
368	73.31	3.04202
369	73.65	2.98789
370	73.94	2.97261
371	74.41	3.07602
372	74.76	3.0761
373	75.02	3.14636
374	75.45	3.13807
375	75.74	3.13567
376	76.08	3.11666
377	76.41	3.1308
378	76.71	3.08964
379	77.01	3.13208
380	77.34	3.14076
381	77.66	3.1312
382	78.02	3.15271
383	78.3	3.14484
384	78.56	3.10587
385	78.79	3.11864
386	79.01	3.16068
387	79.34	3.15664
388	79.48	3.09024
389	79.68	3.07532
390	79.87	3.13578
391	80.14	3.05293
392	80.34	3.01735
393	80.61	2.97286
394	81.02	2.98322
395	81.18	2.98456
396	81.42	2.99059
397	81.61	2.95261
398	81.91	2.94651
399	82.06	2.91143
400	14.71	2.0557
401	15.92	1.8851
402	16.84	1.66565
403	17.61	1.71985
404	18.18	1.55808
405	19.31	1.71286
406	20.38	1.72499
407	21.46	1.92052
408	22.94	1.8156
409	24.19	1.8259
410	25.44	1.81835
411	26.81	1.97836
412	27.84	1.71301
413	29.2	2.1587
414	30.71	2.21493
415	31.99	2.09521
416	33.25	2.31247
417	34.07	2.12723
418	35.43	2.27269
419	36.84	2.27473
420	38.06	2.14392
421	39	2.14009
422	40.22	2.31335
423	41.16	2.39883
424	42.13	2.11497
425	43.38	2.24401
426	44.39	2.31039
427	45.43	2.47085
428	46.26	2.51245
429	47.18	2.54315
430	48.1	2.63629
431	49.11	2.46939
432	50.18	2.4754
433	51.18	2.71801
434	52.02	2.54551
435	52.97	2.6887
436	53.88	2.64681
437	54.8	2.51396
438	55.65	2.68468
439	56.3	2.69258
440	57.01	2.78027
441	57.94	2.75616
442	58.74	2.84471
443	59.44	2.93707
444	60.08	2.97886
445	60.93	2.98749
446	61.68	2.94238
447	62.38	2.88714
448	63.14	2.73137
449	63.72	2.88125
450	64.36	2.91383
451	64.98	2.91198
452	65.5	2.90345
453	66.17	2.75338
454	66.75	2.75817
455	67.26	2.83062
456	67.82	2.93728
457	68.35	3.05082
458	68.92	3.03209
459	69.33	3.02012
460	69.88	2.91644
461	70.35	2.89612
462	70.73	2.92183
463	71.19	2.96545
464	71.7	2.92404
465	71.99	2.94447
466	72.46	2.94421
467	72.87	2.94841
468	73.17	2.98012
469	73.51	3.07732
470	73.94	3.07838
471	74.22	3.01523
472	74.52	2.96135
473	74.88	2.98423
474	75.21	2.94719
475	75.61	2.93222
476	75.97	2.96464
477	76.23	2.9828
478	76.58	3.02714
479	76.85	3.14444
480	77.08	3.19587
481	77.35	3.15079
482	77.64	3.09361
483	77.91	3.05972
484	78.24	3.11166
485	78.44	3.03421
486	78.7	3.02159
487	78.93	3.13131
488	79.21	3.08641
489	79.33	3.08887
490	79.66	3.02397
491	79.9	3.0348
492	80.17	3.02343
493	80.44	3.0243
494	80.68	2.94578
495	80.94	2.9994
496	81.16	3.14871
497	81.3	3.07734
498	81.57	3.06351
499	81.82	3.14446
500	14.73	1.77682
501	15.98	1.85462
502	16.63	1.7644
503	17.53	1.60284
504	18.16	1.64754
505	19.1	1.64621
506	20.14	1.69717
507	21.39	1.89153
508	22.64	1.8629
509	24	1.88149
510	25.23	1.99927
511	26.7	2.02731
512	27.93	2.00127
513	29.07	1.91966
514	30.27	2.02906
515	31.56	1.85105
516	32.81	2.30519
517	34.23	2.27971
518	35.46	2.27341
519	36.5	2.1
520	37.6	2.32809
521	38.72	2.31983
522	39.73	2.21745
523	40.78	2.38151
524	42.07	2.47085
525	43.07	2.4218
526	44.27	2.5094
527	45.36	2.44753
528	46.22	2.60607
529	47.33	2.3877
530	48.43	2.55051
531	49.29	2.47506
532	50.2	2.498
533	51.17	2.44563
534	52.12	2.37183
535	53.01	2.50797
536	53.84	2.56406
537	54.86	2.72771
538	55.82	2.71065
539	56.53	2.66629
540	57.52	2.77301
541	58.4	2.52982
542	59.16	2.50088
543	59.91	2.66869
544	60.57	2.65803
545	61.42	2.94679
546	62.15	2.94746
547	62.7	2.96142
548	63.34	3.03058
549	64.11	3.07537
550	64.65	3.0541
551	65.17	3.07914
552	65.76	3.17213
553	66.56	3.3476
554	67.08	3.37248
555	67.64	3.34221
556	68.18	3.26
557	68.67	3.23745
558	69.14	3.29551
559	69.51	3.25421
560	70.02	3.31656
561	70.42	3.26552
562	70.85	3.30265
563	71.43	3.34142
564	71.88	3.36535
565	72.26	3.44563
566	72.75	3.37454
567	73.19	3.36659
568	73.6	3.38821
569	73.93	3.39192
570	74.36	3.3927
571	74.73	3.40839
572	74.96	3.38503
573	75.38	3.41403
574	75.73	3.44051
575	76.01	3.50855
576	76.3	3.43948
577	76.61	3.49541
578	76.92	3.40787
579	77.14	3.51574
580	77.45	3.49678
581	77.64	3.52
582	77.96	3.57189
583	78.26	3.57385
584	78.53	3.55374
585	78.78	3.50594
586	79.09	3.44411
587	79.3	3.53412
588	79.54	3.51403
589	79.79	3.57853
590	80.04	3.6081
591	80.35	3.54507
592	80.6	3.47851
593	80.85	3.51959
594	81.04	3.47828
595	81.25	3.4011
596	81.47	3.37181
597	81.6	3.42929
598	81.86	3.38237
599	82.09	3.37667
600	14.75	2.02176
601	16.07	1.75645
602	16.84	1.82055
603	17.49	1.74066
604	18.19	1.62293
605	19.29	1.68698
606	20.33	1.6435
607	21.44	1.62062
608	22.94	1.80455
609	24.06	1.79343
610	25.6	1.91833
611	26.88	2.10846
612	27.96	1.90221
613	29.33	1.86577
614	30.59	1.86062
615	31.75	1.92549
616	32.93	2.05063
617	34.12	1.98131
618	35.45	2.08986
619	36.69	2.10568
620	37.85	2.24221
621	38.86	2.25841
622	40	2.26716
623	41.22	2.25202
624	42.29	2.07507
625	43.39	2.2086
626	44.48	2.32155
627	45.44	2.15555
628	46.59	2.15914
629	47.43	2.30762
630	48.48	2.30426
631	49.53	2.15618
632	50.4	2.2891
633	51.42	2.53053
634	52.24	2.61197
635	53.1	2.48797
636	53.93	2.47893
637	54.77	2.63004
638	55.64	2.56718
639	56.54	2.65488
640	57.28	2.5926
641	58.2	2.56515
642	58.91	2.54988
643	59.62	2.5091
644	60.35	2.57051
645	60.96	2.64167
646	61.72	2.70585
647	62.44	2.76159
648	62.9	2.75136
649	63.55	2.6396
650	64.36	2.64015
651	64.97	2.88948
652	65.49	2.89998
653	66.11	2.92881
654	66.67	2.86376
655	67.28	2.91918
656	67.83	3.06938
657	68.36	3.08065
658	68.74	3.09716
659	69.29	3.08316
660	69.72	3.11153
661	70.22	3.13554
662	70.66	3.13439
663	71.05	3.15079
664	71.58	3.16285
665	71.93	3.09598
666	72.23	3.13323
667	72.61	3.27382
668	72.98	3.21863
669	73.38	3.1679
670	73.73	3.18388
671	74.13	3.21762
672	74.36	3.15759
673	74.73	3.12364
674	75.14	3.17496
675	75.39	3.11735
676	75.65	3.0996
677	75.97	3.15105
678	76.24	3.14045
679	76.55	3.05082
680	76.84	3.08454
681	77.18	3.12532
682	77.52	3.06425
683	77.78	3.03506
684	78.02	3.02979
685	78.3	3.01828
686	78.62	3.08149
687	78.85	3.13488
688	79.12	3.19775
689	79.29	3.09288
690	79.57	3.04058
691	79.79	3.04728
692	80.06	3.09458
693	80.31	3.06821
694	80.51	3.01826
695	80.72	3.14032
696	80.93	3.10243
697	81.2	3.16228
698	81.39	3.13654
699	81.55	3.15713
700	14.75	1.75713
701	15.68	1.51578
702	16.66	1.74482
703	17.41	1.87134
704	18.36	1.78617
705	19.24	1.60698
706	20.26	1.67105
707	21.5	1.5843
708	22.83	1.94451
709	24.1	1.95704
710	25.62	2.0039
711	26.86	2.15416
712	28.04	2.06359
713	29.1	2.09045
714	30.4	2.30651
715	31.53	2.02215
716	32.44	2.0848
717	34	2.28473
718	35.34	2.28132
719	36.47	2.09979
720	37.59	2.0741
721	38.51	2.15172
722	39.87	2.28322
723	40.87	2.4399
724	41.82	2.25557
725	43.03	2.26033
726	44.18	2.43056
727	45.26	2.51643
728	46.33	2.47409
729	47.38	2.29687
730	48.4	2.54951
731	49.35	2.43053
732	50.52	2.26486
733	51.35	2.45102
734	52.05	2.35106
735	52.99	2.51195
736	53.84	2.52476
737	54.74	2.61771
738	55.35	2.48345
739	56.22	2.56741
740	57.15	2.57051
741	57.84	2.63712
742	58.65	2.56271
743	59.32	2.56858
744	59.99	2.53967
745	60.72	2.70215
746	61.43	2.76498
747	62.09	2.67991
748	62.76	2.59276
749	63.33	2.64974
750	64	2.64575
751	64.73	2.65275
752	65.25	2.67348
753	65.8	2.69444
754	66.39	2.69776
755	66.84	2.8345
756	67.57	2.79376
757	67.98	2.90854
758	68.56	2.86119
759	69.08	2.86245
760	69.44	2.94727
761	69.96	2.97631
762	70.33	2.8881
763	70.85	2.92019
764	71.32	2.99292
765	71.77	2.97945
766	72.13	3.02541
767	72.57	2.98749
768	72.97	3.00485
769	73.33	2.98347
770	73.72	2.96338
771	74.09	2.92607
772	74.38	2.92157
773	74.69	2.99565
774	75	3.06268
775	75.46	3.05097
776	75.87	3.03201
777	76.09	3.03346
778	76.4	3.13369
779	76.65	3.13488
780	76.98	3.18427
781	77.3	3.10644
782	77.54	3.15094
783	77.74	3.1674
784	77.99	3.16068
785	78.33	3.15295
786	78.62	3.08798
787	78.85	3.0996
788	79.03	3.12875
789	79.27	3.07524
790	79.45	3.0996
791	79.75	3.09637
792	79.96	3.03289
793	80.17	3.05959
794	80.42	3.05018
795	80.64	3.03816
796	80.86	3.03322
797	81.17	3.04321
798	81.35	3.02779
799	81.6	3.0692
800	14.76	1.86612
801	16.24	1.898
802	16.89	1.69644
803	17.51	1.72913
804	18.21	1.62046
805	19.16	1.90641
806	20.42	1.88775
807	21.62	1.83183
808	22.8	2.00998
809	24.11	1.78267
810	25.48	1.77471
811	26.91	1.83899
812	28.15	1.82414
813	29.43	1.93523
814	30.54	1.98202
815	31.92	1.99339
816	33.3	2.17486
817	34.48	2.19308
818	35.65	2.13249
819	36.76	2.15926
820	37.96	2.18138
821	39.35	2.29074
822	40.56	2.45894
823	41.64	2.22944
824	42.69	2.07699
825	43.64	2.37285
826	44.61	2.13492
827	45.76	2.28526
828	46.75	2.34254
829	48.07	2.55834
830	49.02	2.64568
831	50.05	2.47134
832	50.96	2.72367
833	51.84	2.83803
834	52.84	2.66353
835	53.71	2.65441
836	54.57	2.72857
837	55.36	2.79829
838	56.17	2.70575
839	56.87	2.68944
840	57.84	2.61809
841	58.5	2.64386
842	59.31	2.6446
843	60.02	2.75311
844	60.76	2.9398
845	61.37	2.94162
846	62.06	3.17748
847	62.66	2.97059
848	63.29	2.95735
849	64.18	3.0046
850	64.76	3.03355
851	65.24	3.01702
852	65.84	3.10071
853	66.47	3.20766
854	66.99	3.2109
855	67.59	3.19717
856	68.04	3.16519
857	68.59	3.09546
858	69.19	3.09417
859	69.61	3.15561
860	69.98	3.19994
861	70.5	3.3
862	70.95	3.20117
863	71.34	3.128
864	71.92	3.27622
865	72.17	3.30168
866	72.56	3.26288
867	72.94	3.33413
868	73.31	3.30664
869	73.68	3.26153
870	73.96	3.23394
871	74.37	3.26084
872	74.75	3.32679
873	75.06	3.38768
874	75.37	3.36944
875	75.62	3.29478
876	75.93	3.32342
877	76.23	3.32221
878	76.56	3.38916
879	76.85	3.35671
880	77.21	3.35945
881	77.49	3.42197
882	77.85	3.39227
883	78.07	3.40663
884	78.3	3.42199
885	78.47	3.35397
886	78.69	3.43422
887	78.92	3.50907
888	79.2	3.50428
889	79.52	3.46837
890	79.8	3.46121
891	80.04	3.46098
892	80.27	3.42302
893	80.6	3.35857
894	80.85	3.38046
895	81.04	3.29824
896	81.21	3.29331
897	81.51	3.30604
898	81.76	3.28061
899	81.95	3.20117
900	15.24	2.11244
901	16.27	1.99927
902	17.18	2.02672
903	17.79	1.90418
904	18.51	1.79162
905	19.31	1.86384
906	20.21	2.00147
907	21.29	1.73951
908	22.55	1.80762
909	23.85	1.97674
910	25.4	2.01494
911	26.57	1.87752
912	27.75	1.84594
913	29.23	1.94861
914	30.38	2.04343
915	31.71	1.99146
916	32.94	2.0872
917	34.24	2.17771
918	35.04	2.20418
919	36.45	2.3254
920	37.59	2.14986
921	38.66	2.24597
922	39.86	2.4699
923	40.95	2.40988
924	42.2	2.44949
925	43.16	2.28788
926	44.25	2.38904
927	45.23	2.54894
928	46.49	2.76585
929	47.46	2.67739
930	48.39	2.55302
931	49.45	2.62821
932	50.46	2.7764
933	51.32	2.59183
934	52.11	2.60728
935	53.04	2.44098
936	53.87	2.57548
937	54.67	2.6346
938	55.59	2.78602
939	56.28	2.75347
940	57.02	2.77482
941	57.94	2.81005
942	58.93	2.74319
943	59.63	2.55599
944	60.12	2.56624
945	60.87	2.5677
946	61.42	2.79349
947	62.34	2.9974
948	63.01	2.75498
949	63.63	2.75193
950	64.24	2.77532
951	64.89	2.91854
952	65.44	2.99105
953	66.13	3.15168
954	66.74	3.01204
955	67.27	2.96936
956	67.81	2.83794
957	68.36	2.93094
958	68.9	2.9
959	69.41	2.9329
960	69.84	2.88
961	70.34	2.90248
962	70.76	3.0137
963	71.21	3.03742
964	71.74	3.15791
965	72.17	3.15929
966	72.62	3.25816
967	73.09	3.24991
968	73.35	3.11889
969	73.8	3.13369
970	74.23	3.21824
971	74.51	3.2787
972	74.79	3.27809
973	75.14	3.22806
974	75.45	3.25692
975	75.77	3.29804
976	76.16	3.18346
977	76.49	3.16384
978	76.78	3.2205
979	77.02	3.18427
980	77.4	3.19061
981	77.68	3.1965
982	77.99	3.16068
983	78.34	3.16297
984	78.57	3.09598
985	78.92	3.08765
986	79.12	3.07011
987	79.39	3.10127
988	79.68	3.13011
989	79.88	3.10574
990	80.14	3.14649
991	80.45	3.1603
992	80.73	3.11402
993	80.96	3.16519
994	81.21	3.19154
995	81.4	3.20312
996	81.68	3.14286
997	81.91	3.14037
998	82.13	3.09727
999	82.32	3.05902
1000	14.68	2.13485
1001	15.75	1.82414
1002	16.75	1.76847
1003	17.5	1.76918
1004	18.18	1.66961
1005	19.07	1.65683
1006	19.98	1.6732
1007	21.28	1.73828
1008	22.46	1.76873
1009	23.69	1.87454
1010	25.2	1.86011
1011	26.41	2.00047
1012	27.73	1.81028
1013	29.07	2.05063
1014	30.24	2.11244
1015	31.53	2.17005
1016	32.61	2.16746
1017	33.95	2.18346
1018	35.1	2.18861
1019	36.14	2.29356
1020	37.49	2.41866
1021	38.55	2.40156
1022	39.81	2.17115
1023	40.96	2.08768
1024	41.92	2.15722
1025	43	2.29347
1026	43.98	2.09752
1027	44.85	2.1926
1028	45.89	2.31903
1029	46.98	2.35364
1030	48.15	2.35956
1031	49.12	2.36761
1032	49.98	2.27148
1033	50.81	2.33107
1034	51.83	2.36244
1035	52.77	2.2621
1036	53.68	2.43672
1037	54.64	2.48805
1038	55.33	2.47812
1039	56.24	2.39215
1040	57.1	2.62107
1041	57.85	2.63581
1042	58.79	2.5663
1043	59.36	2.50008
1044	60.1	2.43105
1045	60.85	2.47134
1046	61.44	2.5664
1047	62.25	2.46323
1048	62.91	2.6157
1049	63.45	2.72534
1050	64.19	2.62181
1051	64.85	2.73633
1052	65.38	2.67873
1053	65.89	2.61494
1054	66.43	2.64671
1055	66.96	2.67552
1056	67.56	2.53898
1057	68.03	2.48377
1058	68.57	2.60098
1059	69.1	2.74773
1060	69.53	2.7909
1061	70.03	2.69242
1062	70.51	2.7982
1063	70.9	2.74773
1064	71.29	2.81885
1065	71.84	2.86608
1066	72.26	2.8412
1067	72.63	2.84132
1068	73	2.86356
1069	73.37	2.90742
1070	73.71	2.84005
1071	74.03	2.85816
1072	74.32	2.84563
1073	74.66	2.87479
1074	75.01	2.8089
1075	75.38	2.77049
1076	75.61	2.77811
1077	75.83	2.78946
1078	76.07	2.85046
1079	76.43	2.83286
1080	76.7	2.91719
1081	77.03	2.92046
1082	77.26	2.94489
1083	77.58	2.89544
1084	77.92	2.9451
1085	78.24	2.96351
1086	78.48	2.98824
1087	78.83	3.00351
1088	78.96	2.99306
1089	79.2	2.97658
1090	79.45	2.94406
1091	79.67	2.91223
1092	79.88	2.94713
1093	80.11	2.91168
1094	80.29	2.93017
1095	80.56	2.95405
1096	80.75	2.91676
1097	81	2.98998
1098	81.2	2.93598
1099	81.42	2.96034
1100	15.1	2.20681
1101	16.04	2.06359
1102	16.89	1.85416
1103	17.67	1.92902
1104	18.49	1.93647
1105	19.4	1.70294
1106	20.39	1.74296
1107	21.59	1.91361
1108	22.96	1.95918
1109	24.2	2.06398
1110	25.42	1.90882
1111	26.57	2.04086
1112	28.14	2.18183
1113	29.2	2.13542
1114	30.41	2.24542
1115	31.76	2.4703
1116	32.93	2.36751
1117	34.12	2.18303
1118	35.19	2.05278
1119	36.39	2.02926
1120	37.58	2.22342
1121	38.67	2.13567
1122	39.99	2.3643
1123	41.16	2.33547
1124	42.3	2.31733
1125	43.23	2.35735
1126	44.55	2.46323
1127	45.68	2.37015
1128	46.47	2.53951
1129	47.63	2.53241
1130	48.62	2.54079
1131	49.6	2.62679
1132	50.49	2.6019
1133	51.41	2.58107
1134	52.06	2.64885
1135	53.13	2.67826
1136	54.06	2.70118
1137	54.86	2.85314
1138	55.95	2.72901
1139	56.8	2.69815
1140	57.58	2.64265
1141	58.29	2.78315
1142	58.93	2.74683
1143	59.71	2.7939
1144	60.54	2.92376
1145	61.23	2.93549
1146	61.87	2.81658
1147	62.38	2.73781
1148	63.03	2.83004
1149	63.62	2.7777
1150	64.33	2.79662
1151	64.89	2.73823
1152	65.39	2.7709
1153	66.09	2.8323
1154	66.75	2.92361
1155	67.24	2.87444
1156	67.76	2.87444
1157	68.24	2.89869
1158	68.71	2.91649
1159	69.21	2.84005
1160	69.72	3.04
1161	70.15	2.97447
1162	70.53	2.98481
1163	71.16	3.0585
1164	71.57	3.04715
1165	72.01	2.91031
1166	72.3	2.92062
1167	72.65	2.98789
1168	73.16	2.94863
1169	73.52	2.94781
1170	73.85	2.89957
1171	74.27	2.86306
1172	74.67	2.84273
1173	75.02	2.79635
1174	75.34	2.82567
1175	75.72	2.83224
1176	76.04	2.85629
1177	76.4	2.86356
1178	76.72	2.78955
1179	76.94	2.78144
1180	77.35	2.87185
1181	77.63	2.82012
1182	77.92	2.79528
1183	78.17	2.84624
1184	78.4	2.81425
1185	78.71	2.72872
1186	78.93	2.75047
1187	79.2	2.74591
1188	79.45	2.78702
1189	79.74	2.79507
1190	79.94	2.77784
1191	80.17	2.818
1192	80.39	2.7528
1193	80.61	2.73092
1194	80.88	2.71028
1195	81.16	2.72661
1196	81.34	2.77568
1197	81.48	2.80528
1198	81.68	2.78165
1199	81.94	2.77784
1200	14.89	1.91779
1201	16.15	1.68745
1202	16.84	1.8315
1203	17.58	1.704
1204	18.35	1.65151
1205	19.27	1.71962
1206	20.44	1.87254
1207	21.79	2.09425
1208	23.18	2.06097
1209	24.38	1.96357
1210	25.48	1.86269
1211	26.6	2.0445
1212	27.89	2.21312
1213	29.35	2.28637
1214	30.5	2.13307
1215	31.66	2.17357
1216	32.78	2.09561
1217	34.27	2.37004
1218	35.61	2.54517
1219	36.72	2.37521
1220	37.78	2.56351
1221	38.76	2.5303
1222	39.87	2.5403
1223	40.87	2.38602
1224	41.9	2.17945
1225	43	2.22711
1226	44.05	2.36379
1227	45.27	2.57626
1228	46.24	2.49848
1229	47.22	2.36888
1230	48.29	2.47506
1231	49.27	2.07294
1232	50.11	2.36176
1233	51.1	2.3
1234	52.22	2.296
1235	53.25	2.38904
1236	54.05	2.18804
1237	54.76	2.4418
1238	55.61	2.45314
1239	56.54	2.49568
1240	57.31	2.52069
1241	58.16	2.57573
1242	58.99	2.51195
1243	59.6	2.47386
1244	60.28	2.5459
1245	60.94	2.60315
1246	61.69	2.63323
1247	62.67	2.5458
1248	63.26	2.57146
1249	63.87	2.57548
1250	64.42	2.4665
1251	64.99	2.67019
1252	65.74	2.78072
1253	66.42	2.65398
1254	66.87	2.70797
1255	67.46	2.78359
1256	68.07	2.85396
1257	68.53	2.91704
1258	69.12	2.91986
1259	69.62	3.01589
1260	70.07	2.82933
1261	70.42	2.8326
1262	70.86	2.87061
1263	71.25	2.81203
1264	71.65	2.89266
1265	72.14	2.86363
1266	72.53	2.89639
1267	72.92	2.89026
1268	73.37	2.95518
1269	73.73	2.99618
1270	74.03	3.04123
1271	74.4	2.95973
1272	74.78	2.97852
1273	75.03	3.02144
1274	75.41	2.98025
1275	75.67	2.98682
1276	76.06	2.95235
1277	76.36	2.85139
1278	76.63	2.85536
1279	76.93	2.83991
1280	77.28	2.96338
1281	77.54	2.93401
1282	77.77	2.96936
1283	78.14	2.96317
1284	78.42	2.95357
1285	78.71	2.97084
1286	78.89	2.95937
1287	79.2	2.83549
1288	79.42	2.87812
1289	79.64	2.90696
1290	79.85	2.86138
1291	80.17	2.77869
1292	80.35	2.69954
1293	80.62	2.70474
1294	80.8	2.7313
1295	81.12	2.67313
1296	81.27	2.6452
1297	81.45	2.6396
1298	81.67	2.69093
1299	81.88	2.64681
1300	15.15	2.06579
1301	16.22	1.72962
1302	16.81	1.62293
1303	17.51	1.70584
1304	18.19	1.78715
1305	19.24	1.92935
1306	20.34	1.90379
1307	21.37	1.86898
1308	22.77	1.8647
1309	24.04	1.88637
1310	25.25	1.9666
1311	26.53	1.84637
1312	27.93	2.24167
1313	29.45	2.27761
1314	30.7	1.93132
1315	31.91	2.09807
1316	33.2	1.9799
1317	34.28	2.05951
1318	35.31	2.0332
1319	36.64	2.07133
1320	37.53	2.07584
1321	38.85	2.3254
1322	39.91	2.16839
1323	41.18	2.39324
1324	42.25	2.35106
1325	43.29	2.41369
1326	44.45	2.30814
1327	45.21	2.31644
1328	46.53	2.46761
1329	47.48	2.36
1330	48.4	2.58844
1331	49.3	2.51992
1332	50.36	2.62876
1333	51.29	2.50318
1334	52.24	2.67627
1335	53.13	2.62166
1336	54.05	2.42229
1337	54.79	2.48715
1338	55.7	2.63629
1339	56.48	2.69251
1340	57.21	2.833
1341	57.97	2.71092
1342	58.68	2.71985
1343	59.45	2.82975
1344	60.16	2.66353
1345	61.06	3.09134
1346	61.79	2.95396
1347	62.62	3.05542
1348	63.12	2.99092
1349	63.77	2.79233
1350	64.45	2.81203
1351	65.08	2.8868
1352	65.71	2.97084
1353	66.17	3.06612
1354	66.66	2.94014
1355	67.22	3.00526
1356	67.8	3
1357	68.24	2.96014
1358	68.7	2.93087
1359	69.17	2.97676
1360	69.61	3.08187
1361	70	3.06594
1362	70.73	3.05894
1363	71.15	3.15397
1364	71.66	2.97731
1365	72.14	3.06274
1366	72.61	3.00631
1367	72.96	2.97966
1368	73.19	3.00897
1369	73.58	2.98724
1370	74	3.04959
1371	74.3	3.07409
1372	74.64	3.10329
1373	74.94	3.13311
1374	75.18	3.11249
1375	75.49	3.03148
1376	75.94	3.00939
1377	76.21	3.09288
1378	76.54	3.12544
1379	76.85	3.14444
1380	77.14	3.13375
1381	77.39	3.09805
1382	77.71	3.13463
1383	77.91	3.1499
1384	78.17	3.10501
1385	78.55	3.06064
1386	78.81	2.96882
1387	79.05	3.0639
1388	79.27	3.07524
1389	79.57	3.08303
1390	79.72	3.02351
1391	79.91	2.99364
1392	80.13	3.03201
1393	80.4	3.09839
1394	80.72	3.09542
1395	81.04	3.08195
1396	81.22	3.01523
1397	81.38	3.08798
1398	81.63	3.08109
1399	81.78	3.15144
1400	14.66	2.11291
1401	15.98	1.97474
1402	16.79	1.88306
1403	17.59	2.03517
1404	18.36	1.9106
1405	19.32	2.0044
1406	20.29	1.77367
1407	21.32	1.80488
1408	22.75	1.82962
1409	23.93	1.77344
1410	24.92	1.78146
1411	26.43	1.84529
1412	27.79	1.65708
1413	28.95	1.92029
1414	30.31	1.87987
1415	31.28	2.08365
1416	32.59	1.96008
1417	33.94	2.1625
1418	35.18	2.18348
1419	36.56	2.41379
1420	37.78	2.35194
1421	38.74	2.21639
1422	39.93	2.16451
1423	40.86	2.19098
1424	42.05	2.38904
1425	43.08	2.71175
1426	44.04	2.74561
1427	45.28	2.65737
1428	46.35	2.75454
1429	47.47	2.74027
1430	48.44	2.60507
1431	49.13	2.64823
1432	50.23	2.65652
1433	51.06	2.64507
1434	52.04	2.69785
1435	52.83	2.58478
1436	53.49	2.70368
1437	54.41	2.71328
1438	55.38	2.76688
1439	56.12	2.62023
1440	56.86	2.60008
1441	57.63	2.4399
1442	58.38	2.68991
1443	59.12	2.57791
1444	59.73	2.70131
1445	60.69	2.78099
1446	61.56	2.82602
1447	62.1	2.78388
1448	62.77	2.64898
1449	63.46	2.74379
1450	64	2.82135
1451	64.57	2.91978
1452	65.23	2.82083
1453	65.71	2.90962
1454	66.32	2.94578
1455	66.7	2.91376
1456	67.26	2.9954
1457	67.81	2.95193
1458	68.34	2.98402
1459	68.85	2.99124
1460	69.34	3.08616
1461	69.79	3.1978
1462	70.17	3.1466
1463	70.6	3.26497
1464	71.08	3.17704
1465	71.36	3.2358
1466	71.8	3.33467
1467	72.1	3.38083
1468	72.46	3.33293
1469	72.81	3.37252
1470	73.09	3.40616
1471	73.45	3.33579
1472	73.81	3.36361
1473	74.23	3.39957
1474	74.53	3.37477
1475	74.93	3.36528
1476	75.25	3.34776
1477	75.56	3.38325
1478	75.82	3.38638
1479	76.06	3.35207
1480	76.34	3.46185
1481	76.64	3.39564
1482	76.94	3.38768
1483	77.25	3.44202
1484	77.56	3.39211
1485	77.78	3.33341
1486	78.07	3.36825
1487	78.28	3.36773
1488	78.58	3.38284
1489	78.87	3.36647
1490	79.08	3.33371
1491	79.35	3.41284
1492	79.57	3.39781
1493	79.67	3.37062
1494	79.87	3.36052
1495	80.14	3.3197
1496	80.37	3.36052
1497	80.62	3.36089
1498	80.87	3.35754
1499	81.14	3.27725
1500	14.73	1.95885
1501	15.83	1.85502
1502	16.66	1.83967
1503	17.47	1.71729
1504	18.34	1.74482
1505	19.16	1.77606
1506	20.2	1.87617
1507	21.38	1.84813
1508	22.47	1.72311
1509	23.72	2.01037
1510	25.35	2.11837
1511	26.74	2.06213
1512	27.94	2.07278
1513	29.34	2.16435
1514	30.4	2.16795
1515	31.74	2.2209
1516	33.1	2.43105
1517	34.23	2.27971
1518	35.28	2.29382
1519	36.26	2.35211
1520	37.41	2.64611
1521	38.7	2.46779
1522	39.86	2.51006
1523	40.96	2.43278
1524	42.17	2.64596
1525	43.36	2.71853
1526	44.47	2.65878
1527	45.64	2.61733
1528	46.62	2.6145
1529	47.46	2.76919
1530	48.47	2.70353
1531	49.44	2.87861
1532	50.41	2.91923
1533	51.23	2.99284
1534	52.12	2.80457
1535	53.3	2.91719
1536	54.19	3.14863
1537	55.07	3.07979
1538	55.91	3.16574
1539	56.62	3.11378
1540	57.4	3.05287
1541	58.19	2.9587
1542	59.07	3.03728
1543	59.78	2.90716
1544	60.47	2.98481
1545	61.11	3.13016
1546	61.79	3.06038
1547	62.32	2.99292
1548	63.14	3.14967
1549	63.68	3.1524
1550	64.23	3.23992
1551	64.91	3.35588
1552	65.58	3.3917
1553	66.2	3.37046
1554	66.74	3.40476
1555	67.43	3.39781
1556	68.03	3.41601
1557	68.54	3.23858
1558	68.89	3.27992
1559	69.34	3.30521
1560	69.75	3.30568
1561	70.34	3.46474
1562	70.83	3.41484
1563	71.13	3.38424
1564	71.57	3.51925
1565	71.93	3.45617
1566	72.23	3.38779
1567	72.69	3.41671
1568	73.1	3.46554
1569	73.49	3.50284
1570	73.85	3.4623
1571	74.23	3.42302
1572	74.62	3.4111
1573	74.98	3.39111
1574	75.2	3.28938
1575	75.48	3.30297
1576	75.78	3.28506
1577	76.07	3.40075
1578	76.44	3.34461
1579	76.81	3.33675
1580	77.11	3.32534
1581	77.35	3.30265
1582	77.7	3.36303
1583	77.98	3.30448
1584	78.25	3.29355
1585	78.47	3.27858
1586	78.75	3.20117
1587	79.04	3.17465
1588	79.22	3.21428
1589	79.47	3.19204
1590	79.65	3.1603
1591	79.96	3.2739
1592	80.22	3.26674
1593	80.5	3.24808
1594	80.67	3.22507
1595	80.92	3.1581
1596	81.12	3.16316
1597	81.38	3.14573
1598	81.61	3.19028
1599	81.84	3.17087
1600	14.75	1.86212
1601	15.93	1.82896
1602	16.69	1.73606
1603	17.43	1.75074
1604	18.2	1.71464
1605	18.98	1.64305
1606	20	1.78326
1607	21.3	1.83576
1608	22.7	1.60312
1609	23.8	1.77764
1610	25.38	2.18989
1611	26.71	2.18767
1612	28.09	2.3242
1613	29.34	2.10343
1614	30.38	2.10609
1615	31.64	2.08096
1616	32.86	2.09771
1617	33.99	2.31299
1618	35.32	2.15351
1619	36.79	2.14147
1620	37.88	2.19672
1621	38.94	2.23526
1622	40.21	2.49918
1623	41.58	2.44205
1624	42.54	2.26018
1625	43.48	2.26044
1626	44.5	2.47992
1627	45.58	2.40491
1628	46.58	2.10324
1629	47.71	2.30345
1630	48.76	2.58116
1631	49.89	2.62639
1632	50.73	2.58014
1633	51.55	2.5976
1634	52.48	2.598
1635	53.2	2.47386
1636	54.13	2.49662
1637	54.96	2.55703
1638	55.68	2.54118
1639	56.5	2.49199
1640	57.26	2.51245
1641	58.07	2.49502
1642	58.87	2.45624
1643	59.52	2.55531
1644	60.36	2.57884
1645	61.18	2.551
1646	61.96	2.54134
1647	62.8	2.56905
1648	63.38	2.47701
1649	63.96	2.50168
1650	64.53	2.66254
1651	65.19	2.81672
1652	65.66	2.75761
1653	66.31	2.83794
1654	66.92	2.81311
1655	67.55	2.87533
1656	68.08	2.81311
1657	68.56	2.82602
1658	69.11	2.71991
1659	69.56	2.68075
1660	70.11	2.69405
1661	70.57	2.76498
1662	70.97	2.88948
1663	71.53	2.93072
1664	71.92	2.91438
1665	72.33	2.92594
1666	72.72	2.81808
1667	73.07	2.83991
1668	73.49	2.72578
1669	73.82	2.64341
1670	74.23	2.63763
1671	74.53	2.68498
1672	74.94	2.71227
1673	75.36	2.7222
1674	75.74	2.7663
1675	76.11	2.78171
1676	76.43	2.73223
1677	76.63	2.77725
1678	76.83	2.79304
1679	77.17	2.80733
1680	77.4	2.82135
1681	77.69	2.81672
1682	78.01	2.79104
1683	78.17	2.7315
1684	78.49	2.8548
1685	78.78	2.84106
1686	79.03	2.85466
1687	79.29	2.84005
1688	79.47	2.79448
1689	79.69	2.80248
1690	79.86	2.77856
1691	80.15	2.76903
1692	80.41	2.74989
1693	80.6	2.76405
1694	80.82	2.79063
1695	81.08	2.73379
1696	81.3	2.7074
1697	81.51	2.81601
1698	81.72	2.7462
1699	81.97	2.78731
1700	15	2.16795
1701	16.21	1.91465
1702	16.73	1.78244
1703	17.69	1.80386
1704	18.4	1.75499
1705	19.38	2.01385
1706	20.41	1.96008
1707	21.7	1.89473
1708	22.99	1.92611
1709	24	2.14942
1710	25.32	1.93845
1711	26.76	2.07904
1712	27.84	2.17587
1713	29.1	2.16102
1714	30.42	2.19627
1715	31.89	2.12083
1716	32.95	2.12309
1717	34.28	2.24535
1718	35.42	2.07933
1719	36.8	2.35372
1720	37.89	2.45314
1721	39.05	2.40988
1722	40.09	2.47425
1723	41.1	2.43516
1724	42.26	2.50048
1725	43.44	2.61274
1726	44.54	2.46341
1727	45.4	2.59615
1728	46.41	2.48232
1729	47.3	2.65141
1730	48.11	2.50557
1731	49.26	2.82354
1732	50.3	2.66646
1733	51.19	2.61034
1734	52	2.55343
1735	52.74	2.64431
1736	53.41	2.74989
1737	54.38	2.91472
1738	55.39	2.8632
1739	56.16	2.59507
1740	56.96	2.653
1741	57.83	2.62699
1742	58.62	2.68619
1743	59.43	2.75411
1744	60.08	2.74109
1745	60.9	2.7074
1746	61.65	2.74363
1747	62.23	2.66779
1748	62.89	2.73092
1749	63.61	2.64913
1750	64.12	2.58952
1751	64.79	2.68065
1752	65.39	2.93222
1753	65.94	2.89074
1754	66.47	2.85116
1755	66.97	2.92046
1756	67.5	2.80891
1757	67.98	2.84949
1758	68.49	2.91374
1759	69.05	2.92361
1760	69.49	2.9206
1761	70	2.89137
1762	70.4	2.85307
1763	70.97	3.0478
1764	71.32	2.97617
1765	71.72	2.92944
1766	72.01	2.90687
1767	72.43	2.8957
1768	72.85	2.83328
1769	73.25	2.9099
1770	73.66	2.91966
1771	74.07	3.01415
1772	74.47	2.97474
1773	74.78	3.01854
1774	75.1	3.03809
1775	75.44	3.04736
1776	75.68	3.13649
1777	76.01	3.19216
1778	76.23	3.14597
1779	76.65	3.03768
1780	76.96	3.04933
1781	77.18	3.08019
1782	77.38	3.12979
1783	77.59	3.09869
1784	77.88	3.06033
1785	78.11	3.12056
1786	78.42	3.16285
1787	78.7	3.16702
1788	78.97	3.13195
1789	79.21	3.16953
1790	79.39	3.20592
1791	79.66	3.11519
1792	79.96	3.00307
1793	80.2	3.10161
1794	80.47	3.13833
1795	80.58	3.12787
1796	80.84	3.10393
1797	81.1	3.07409
1798	81.35	3.03768
1799	81.52	3.06425
1800	14.75	1.9046
1801	15.85	1.62711
1802	16.72	1.81703
1803	17.44	1.75682
1804	18.18	1.93587
1805	19.26	1.97292
1806	20.22	2.03755
1807	21.54	2.09485
1808	22.93	2.0261
1809	24.04	2.02445
1810	24.98	2.01484
1811	26.5	2.23383
1812	27.95	2.29074
1813	29.34	2.2191
1814	30.59	2.18676
1815	31.64	2.07133
1816	32.95	2.29074
1817	34.28	2.2049
1818	35.41	2.35412
1819	36.41	2.4417
1820	37.59	2.49036
1821	38.75	2.50749
1822	39.94	2.6299
1823	41.18	2.42644
1824	42.13	2.30935
1825	43.46	2.64356
1826	44.6	2.53377
1827	45.56	2.52317
1828	46.62	2.61067
1829	47.62	2.73781
1830	48.58	2.62747
1831	49.35	2.71431
1832	50.29	2.65441
1833	51.24	2.69488
1834	52.12	2.47903
1835	53.06	2.59546
1836	53.81	2.68587
1837	54.73	2.77076
1838	55.77	2.73443
1839	56.51	2.68885
1840	57.25	2.75454
1841	57.94	2.77063
1842	58.81	2.7448
1843	59.67	2.73881
1844	60.34	2.77928
1845	61.1	2.995
1846	61.82	2.86489
1847	62.44	2.95066
1848	63.15	3.09314
1849	63.65	3.03109
1850	64.25	3.0541
1851	64.81	3.05514
1852	65.47	2.86864
1853	66.23	3.04255
1854	66.74	3.06144
1855	67.36	3.11936
1856	67.87	3.0221
1857	68.31	2.92128
1858	68.9	2.87924
1859	69.31	2.96882
1860	69.75	2.98789
1861	70.17	3.02343
1862	70.57	3.00751
1863	71	3.11448
1864	71.36	3.14808
1865	71.76	3.11808
1866	72.23	3.1396
1867	72.59	3.1689
1868	73.01	3.08705
1869	73.39	3.07537
1870	73.78	3.11313
1871	74.07	3.23189
1872	74.47	3.26023
1873	74.85	3.28139
1874	75.31	3.18024
1875	75.61	3.19028
1876	75.96	3.18722
1877	76.32	3.18396
1878	76.52	3.21708
1879	76.79	3.28419
1880	77.12	3.13458
1881	77.46	3.19193
1882	77.74	3.23611
1883	77.96	3.18094
1884	78.28	3.20961
1885	78.53	3.20766
1886	78.83	3.20953
1887	79.04	3.24937
1888	79.27	3.23683
1889	79.53	3.18262
1890	79.78	3.16727
1891	79.98	3.17169
1892	80.26	3.12608
1893	80.52	3.25109
1894	80.8	3.20936
1895	80.96	3.19349
1896	81.2	3.14325
1897	81.38	3.1234
1898	81.68	3.09154
1899	81.86	3.04637
1900	14.81	2.27462
1901	15.86	1.91322
1902	16.56	1.5448
1903	17.28	1.55615
1904	18.08	1.65336
1905	18.95	1.54515
1906	20.19	1.70115
1907	21.55	1.78536
1908	22.92	1.76454
1909	24.06	1.89642
1910	25.67	2.06908
1911	27.03	2.10929
1912	28.27	2.01918
1913	29.5	1.9
1914	30.58	2.12217
1915	31.8	2.09762
1916	33.16	2.1341
1917	34.23	2.19023
1918	35.37	2.12911
1919	36.38	2.22162
1920	37.71	2.39706
1921	39.1	2.41039
1922	40.26	2.59083
1923	41.43	2.46274
1924	42.54	2.41835
1925	43.79	2.57796
1926	44.59	2.52624
1927	45.59	2.59266
1928	46.75	2.62059
1929	47.55	2.58215
1930	48.5	2.67395
1931	49.53	2.72197
1932	50.57	2.72857
1933	51.37	2.59867
1934	52.28	2.63848
1935	53.18	2.55492
1936	54.07	2.55051
1937	54.98	2.45349
1938	55.69	2.53651
1939	56.66	2.54252
1940	57.5	2.74408
1941	58.35	2.85788
1942	59.17	2.60405
1943	59.86	2.67589
1944	60.53	2.81941
1945	61.33	2.82508
1946	61.99	2.6814
1947	62.54	2.55116
1948	63.07	2.68423
1949	63.7	2.81247
1950	64.38	2.91472
1951	65.13	2.93821
1952	65.6	2.90517
1953	66.1	2.78747
1954	66.75	2.85438
1955	67.08	2.96877
1956	67.71	3.0176
1957	68.28	2.94646
1958	68.79	2.82593
1959	69.42	2.77193
1960	69.78	2.79134
1961	70.36	2.89316
1962	70.72	2.9802
1963	71.16	3.04539
1964	71.57	3.07003
1965	71.95	3.10604
1966	72.35	2.98119
1967	72.86	2.95642
1968	73.2	2.99666
1969	73.62	3.07174
1970	74.05	3.09637
1971	74.34	3.03388
1972	74.7	3.05778
1973	74.98	3.08862
1974	75.3	3.06431
1975	75.67	3.06286
1976	76.02	3.03967
1977	76.26	2.97194
1978	76.57	2.88532
1979	76.96	3.00307
1980	77.2	3.04302
1981	77.53	3.02805
1982	77.82	3.06718
1983	78.11	3.1045
1984	78.36	3.08065
1985	78.66	3.07317
1986	78.9	3.10966
1987	79.21	3.02752
1988	79.5	3.00167
1989	79.66	3.01735
1990	79.88	3.06359
1991	80.11	3.00298
1992	80.39	3.0262
1993	80.58	2.94679
1994	80.89	2.87713
1995	81.06	2.92513
1996	81.32	2.76
1997	81.49	2.80533
1998	81.78	2.79134
1999	82	2.8775
2000	14.85	1.99687
2001	15.79	1.78491
2002	16.76	1.7951
2003	17.46	1.65783
2004	18.29	1.52509
2005	19.12	1.70458
2006	20.47	1.67604
2007	21.54	1.71709
2008	22.85	1.78536
2009	23.9	1.74069
2010	25.33	1.89238
2011	26.64	1.78617
2012	27.75	1.98179
2013	29.03	2.04673
2014	30.47	2.07101
2015	31.61	2.12083
2016	32.94	2.27077
2017	34.13	2.54816
2018	35.2	2.29783
2019	36.58	2.07451
2020	37.62	2.23508
2021	38.67	2.06908
2022	39.82	2.21531
2023	41.03	2.53162
2024	42.33	2.54973
2025	43.47	2.41021
2026	44.36	2.51205
2027	45.29	2.47101
2028	46.35	2.34254
2029	47.37	2.62928
2030	48.52	2.58256
2031	49.64	2.53188
2032	50.57	2.56614
2033	51.56	2.66578
2034	52.21	2.66194
2035	53.03	2.48779
2036	53.86	2.42495
2037	54.71	2.53888
2038	55.59	2.44579
2039	56.43	2.53083
2040	57.19	2.54439
2041	57.87	2.39856
2042	58.68	2.43672
2043	59.55	2.63581
2044	60.26	2.65187
2045	61.01	2.60574
2046	61.74	2.61389
2047	62.45	2.44694
2048	63.07	2.39689
2049	63.82	2.52341
2050	64.3	2.6096
2051	65	2.78927
2052	65.6	2.74591
2053	66.18	2.69585
2054	66.71	2.75062
2055	67.31	2.84146
2056	67.84	2.74489
2057	68.41	2.93631
2058	68.82	2.89268
2059	69.31	2.94175
2060	69.87	2.79877
2061	70.38	2.88368
2062	70.76	2.90214
2063	71.22	2.97516
2064	71.67	2.87769
2065	72.18	2.82269
2066	72.6	2.89828
2067	72.94	2.88035
2068	73.44	2.98771
2069	73.9	2.88964
2070	74.17	2.86026
2071	74.51	2.96815
2072	74.86	3.00673
2073	75.21	3.04071
2074	75.46	2.97463
2075	75.79	2.95396
2076	76.1	2.95466
2077	76.34	3.03058
2078	76.69	3.01561
2079	77.13	2.85186
2080	77.3	2.76948
2081	77.62	2.80635
2082	77.89	2.81032
2083	78.17	2.89156
2084	78.47	2.91361
2085	78.78	2.87604
2086	79.06	2.8942
2087	79.32	2.90475
2088	79.6	3.03315
2089	79.83	3.03663
2090	80.08	3.06163
2091	80.41	2.97017
2092	80.7	2.97153
2093	80.92	2.91781
2094	81.16	2.89731
2095	81.48	2.96473
2096	81.67	2.89501
2097	81.87	2.86934
2098	82.13	2.91429
2099	82.34	2.89558
2100	14.77	2.17189
2101	15.54	1.84076
2102	16.63	1.75303
2103	17.38	1.67797
2104	18.06	1.5609
2105	19.04	1.65481
2106	20.28	1.60674
2107	21.27	1.64228
2108	22.63	1.95783
2109	23.99	2.09521
2110	25.22	1.87393
2111	26.82	2.11367
2112	28.21	2.1368
2113	29.38	2.14374
2114	30.36	2.17495
2115	31.64	2.1096
2116	32.68	2.15815
2117	34.14	2.16804
2118	35.32	2.10656
2119	36.46	2.23347
2120	37.58	2.41321
2121	38.67	2.21836
2122	39.63	2.32661
2123	40.82	2.26883
2124	41.94	2.27517
2125	43.19	2.38199
2126	44.2	2.36643
2127	45.23	2.30154
2128	46.33	2.34117
2129	47.37	2.49261
2130	48.38	2.45267
2131	49.31	2.45233
2132	50.25	2.46323
2133	51.34	2.62762
2134	52.28	2.7462
2135	53.04	2.70525
2136	53.93	2.75773
2137	54.81	2.84849
2138	55.69	2.62943
2139	56.49	2.48393
2140	57.4	2.71293
2141	58.28	2.82163
2142	59.19	2.90412
2143	59.85	2.90646
2144	60.53	2.80875
2145	61.29	3.07992
2146	62.02	2.9529
2147	62.73	2.91841
2148	63.49	2.83018
2149	64.02	2.71286
2150	64.65	2.86138
2151	65.34	2.94693
2152	65.97	3.03465
2153	66.51	3.01826
2154	67.08	3.14541
2155	67.64	3.02827
2156	68.28	2.96675
2157	68.8	2.91548
2158	69.2	2.95635
2159	69.57	2.99418
2160	70.04	2.98972
2161	70.52	2.91026
2162	70.92	2.86245
2163	71.38	3.0026
2164	71.78	2.94815
2165	72.32	2.9082
2166	72.7	2.87924
2167	73	2.89137
2168	73.24	2.93298
2169	73.7	2.95466
2170	74.04	2.99973
2171	74.36	2.99506
2172	74.71	2.95058
2173	75.07	2.90605
2174	75.4	2.99666
2175	75.74	2.99873
2176	75.92	3.01887
2177	76.23	3.04255
2178	76.58	3.02053
2179	76.91	2.99698
2180	77.15	2.89266
2181	77.42	2.97382
2182	77.66	2.92991
2183	77.87	2.96532
2184	78.17	2.94297
2185	78.42	2.8607
2186	78.79	2.97084
2187	78.98	2.94272
2188	79.28	2.93626
2189	79.47	2.93413
2190	79.76	2.84296
2191	79.94	2.7922
2192	80.2	2.79285
2193	80.49	2.88616
2194	80.7	2.84429
2195	80.92	2.81666
2196	81.22	2.81986
2197	81.44	2.85769
2198	81.67	2.87073
2199	81.87	2.92457
2200	14.86	1.86022
2201	15.75	1.71099
2202	16.81	1.65949
2203	17.48	1.58417
2204	18.15	1.72264
2205	19.04	1.77719
2206	20.2	1.76068
2207	21.6	1.67929
2208	22.67	1.76099
2209	23.94	1.75966
2210	24.91	1.87134
2211	26.31	1.89048
2212	27.53	1.86791
2213	28.82	2.10419
2214	30.21	2.05083
2215	31.21	2.01641
2216	32.67	2.11213
2217	33.97	2.26475
2218	35.21	2.27286
2219	36.25	2.28199
2220	37.6	2.25832
2221	38.65	2.07063
2222	39.66	1.97596
2223	40.6	2.10713
2224	41.66	2.21007
2225	42.68	2.18119
2226	43.76	2.4418
2227	44.8	2.20907
2228	45.94	2.33161
2229	46.89	2.50557
2230	47.97	2.36835
2231	48.88	2.44246
2232	49.91	2.65742
2233	50.79	2.41369
2234	51.5	2.40624
2235	52.29	2.48312
2236	53.27	2.56459
2237	54.11	2.63019
2238	54.95	2.67722
2239	55.85	2.58988
2240	56.6	2.70185
2241	57.65	2.74363
2242	58.5	2.66646
2243	59.28	2.7389
2244	60.19	2.88338
2245	60.83	2.77148
2246	61.39	2.88408
2247	62.24	2.91246
2248	62.83	2.87421
2249	63.44	3.06699
2250	64.11	2.95599
2251	64.71	3.10256
2252	65.42	3.07304
2253	65.9	3.10966
2254	66.4	3.18434
2255	66.91	3.23449
2256	67.52	3.29691
2257	68.13	3.34262
2258	68.59	3.31992
2259	69.17	3.35576
2260	69.61	3.34034
2261	70.14	3.36161
2262	70.72	3.24986
2263	71.19	3.30967
2264	71.53	3.35695
2265	71.87	3.43702
2266	72.32	3.49537
2267	72.79	3.44179
2268	73.15	3.45941
2269	73.5	3.45398
2270	73.89	3.3523
2271	74.24	3.32602
2272	74.6	3.44384
2273	74.89	3.44643
2274	75.23	3.47233
2275	75.62	3.43447
2276	75.87	3.44283
2277	76.27	3.46368
2278	76.64	3.48287
2279	76.97	3.38661
2280	77.16	3.46329
2281	77.5	3.46843
2282	77.7	3.46843
2283	77.93	3.47924
2284	78.22	3.38402
2285	78.49	3.3511
2286	78.78	3.37514
2287	79	3.39411
2288	79.24	3.38266
2289	79.47	3.37477
2290	79.65	3.34178
2291	79.9	3.34215
2292	80.12	3.30539
2293	80.35	3.32378
2294	80.58	3.36208
2295	80.75	3.31776
2296	80.86	3.33473
2297	81.18	3.29964
2298	81.42	3.25017
2299	81.64	3.31216
2300	14.55	2.04634
2301	16	1.94422
2302	16.71	1.99146
2303	17.44	1.87254
2304	18.24	1.77831
2305	19.21	1.61428
2306	20.33	1.68556
2307	21.47	1.89976
2308	22.87	1.74731
2309	24	1.83303
2310	25.18	2.0019
2311	26.45	2.08026
2312	27.74	2.11007
2313	29.17	2.15432
2314	30.4	2.24944
2315	31.66	2.07952
2316	32.71	2.09902
2317	33.9	2.03224
2318	35.09	2.17759
2319	36.62	2.29687
2320	37.69	2.25697
2321	38.6	2.16333
2322	39.53	2.27796
2323	40.74	2.3092
2324	41.77	2.27532
2325	42.9	2.3388
2326	43.92	2.30078
2327	44.99	2.10473
2328	45.76	2.17311
2329	46.66	2.11291
2330	47.83	2.47409
2331	49.19	2.36514
2332	50.09	2.4702
2333	51.04	2.34487
2334	52.02	2.52974
2335	52.83	2.42097
2336	53.66	2.50687
2337	54.55	2.57439
2338	55.65	2.58215
2339	56.37	2.45216
2340	57.23	2.49742
2341	57.98	2.48588
2342	58.68	2.49752
2343	59.44	2.58967
2344	60.25	2.5976
2345	60.93	2.44645
2346	61.75	2.41816
2347	62.45	2.48345
2348	63.15	2.47538
2349	63.73	2.52925
2350	64.36	2.68149
2351	64.92	2.60261
2352	65.48	2.46366
2353	66.12	2.32929
2354	66.83	2.52212
2355	67.23	2.55286
2356	67.79	2.59343
2357	68.39	2.55693
2358	69	2.76405
2359	69.59	2.72064
2360	69.97	2.78013
2361	70.36	2.66653
2362	70.82	2.77265
2363	71.25	2.81913
2364	71.89	2.75643
2365	72.13	2.80947
2366	72.55	2.80491
2367	72.95	2.74727
2368	73.31	2.8555
2369	73.64	2.87235
2370	74.14	2.92923
2371	74.44	2.94387
2372	74.77	2.91498
2373	75.08	2.8868
2374	75.43	2.86794
2375	75.72	2.88125
2376	76.13	2.93481
2377	76.4	2.93939
2378	76.75	2.89266
2379	77.05	2.99124
2380	77.36	2.95473
2381	77.62	3.00593
2382	77.9	3.06431
2383	78.13	3.08433
2384	78.4	3.07896
2385	78.66	3.0634
2386	78.88	3.01091
2387	79.19	3.07472
2388	79.45	3.06716
2389	79.69	3.03873
2390	79.95	2.99124
2391	80.13	3.03531
2392	80.4	3.06268
2393	80.66	3.06013
2394	80.84	3.04867
2395	81.01	3.02157
2396	81.27	2.9828
2397	81.54	3.02463
2398	81.74	2.99206
2399	81.95	3.01455
2400	14.64	2.00759
2401	15.85	1.84052
2402	16.76	1.62555
2403	17.47	1.77457
2404	18.33	1.85502
2405	19.23	1.88603
2406	20.27	1.87539
2407	21.52	1.90515
2408	22.93	1.97107
2409	24.07	1.91966
2410	25.33	1.7496
2411	26.71	1.75667
2412	28.05	2.06579
2413	29.39	2.19952
2414	30.37	2.17097
2415	31.68	2.22207
2416	33	2.09762
2417	34.18	2.08509
2418	35.37	1.97309
2419	36.58	1.87179
2420	37.82	2.07065
2421	39.03	2.3514
2422	39.91	2.57719
2423	41.39	2.69033
2424	42.46	2.61312
2425	43.76	2.50647
2426	44.67	2.3582
2427	45.51	2.27814
2428	46.54	2.45935
2429	47.74	2.65187
2430	48.73	2.57237
2431	49.59	2.37947
2432	50.7	2.38118
2433	51.48	2.34725
2434	52.57	2.55834
2435	53.35	2.64339
2436	54.21	2.71402
2437	55.16	2.90765
2438	56.19	2.852
2439	57.08	2.73379
2440	57.86	2.69822
2441	58.49	2.49197
2442	59.36	2.8161
2443	59.91	2.9329
2444	60.64	2.72588
2445	61.39	2.82806
2446	62.22	2.87604
2447	62.79	2.89239
2448	63.33	2.97003
2449	64.03	2.98146
2450	64.77	2.90122
2451	65.21	2.96747
2452	65.88	2.9976
2453	66.65	3.14762
2454	67.16	3.05195
2455	67.78	3.00859
2456	68.26	2.96182
2457	68.71	3.07667
2458	69.32	3.02615
2459	69.74	2.97194
2460	70.35	2.99792
2461	70.76	3.14363
2462	71.31	3.12952
2463	71.71	3.10256
2464	72.15	3.16662
2465	72.72	3.20337
2466	73.11	3.19967
2467	73.4	3.15911
2468	73.88	3.15049
2469	74.27	3.19955
2470	74.55	3.16978
2471	74.77	3.17129
2472	75.17	3.11466
2473	75.47	3.14151
2474	75.86	3.23425
2475	76.23	3.16814
2476	76.51	3.2109
2477	76.76	3.24998
2478	77.04	3.31638
2479	77.37	3.3724
2480	77.64	3.36012
2481	77.92	3.36654
2482	78.11	3.34034
2483	78.49	3.32113
2484	78.76	3.2867
2485	79.02	3.27408
2486	79.22	3.20493
2487	79.45	3.15079
2488	79.67	3.13067
2489	80.04	3.15569
2490	80.29	3.13463
2491	80.54	3.11262
2492	80.79	3.15371
2493	81.06	3.17748
2494	81.32	3.1619
2495	81.55	3.1603
2496	81.72	3.15937
2497	81.91	3.10836
2498	82.24	3.14681
2499	82.44	3.09296
2500	14.71	2.00646
2501	16	1.60624
2502	16.6	1.42829
2503	17.52	1.60922
2504	18.27	1.62392
2505	19.13	1.68911
2506	20.2	1.74929
2507	21.38	1.66601
2508	22.9	2.04695
2509	24.44	1.88319
2510	25.59	1.99045
2511	26.72	1.97525
2512	27.75	1.90984
2513	29.2	2.17256
2514	30.5	2.25167
2515	31.71	2.34647
2516	33.07	2.28147
2517	34.18	2.12311
2518	35.04	2.07326
2519	36.46	1.9971
2520	37.62	2.22162
2521	38.77	2.18108
2522	39.88	2.32069
2523	41	2.41661
2524	42.05	2.57439
2525	42.99	2.56708
2526	44.13	2.44399
2527	45.13	2.41104
2528	46.48	2.70732
2529	47.43	2.71387
2530	48.31	2.87296
2531	49.23	2.76353
2532	50.23	2.79591
2533	51.14	2.62686
2534	52.07	2.66179
2535	52.79	2.68065
2536	53.79	2.74698
2537	54.55	2.77263
2538	55.57	2.69909
2539	56.4	2.66458
2540	57.03	2.52767
2541	57.88	2.81524
2542	58.63	2.71903
2543	59.46	2.90317
2544	60.2	2.75318
2545	60.98	2.7676
2546	61.67	2.84273
2547	62.35	2.76179
2548	63.08	2.85895
2549	63.65	2.9099
2550	64.35	2.9099
2551	65.16	2.96216
2552	65.62	2.79206
2553	66.28	2.902
2554	66.69	2.84498
2555	67.28	2.95662
2556	67.67	2.99685
2557	68.15	3.03768
2558	68.69	3.01561
2559	69.17	3.00018
2560	69.64	3.02827
2561	70.16	3.02562
2562	70.56	2.93707
2563	70.98	2.95628
2564	71.47	3.00152
2565	71.8	3.05941
2566	72.13	3.00218
2567	72.5	3.11609
2568	72.99	3.19842
2569	73.21	3.20404
2570	73.57	3.22569
2571	73.92	3.17704
2572	74.32	3.24925
2573	74.65	3.17923
2574	74.96	3.18409
2575	75.26	3.24537
2576	75.62	3.14255
2577	75.98	3.13681
2578	76.31	3.10707
2579	76.6	3.09192
2580	76.91	3.15941
2581	77.13	3.05501
2582	77.37	3.08433
2583	77.76	3.11808
2584	78.05	3.04754
2585	78.38	3.06522
2586	78.62	2.97247
2587	78.81	2.92812
2588	79.08	3.00559
2589	79.43	3.0537
2590	79.68	3.0492
2591	79.86	3.02331
2592	80.06	2.9994
2593	80.33	2.94297
2594	80.63	3.01216
2595	80.88	3.05051
2596	81.08	2.9755
2597	81.24	2.91589
2598	81.49	2.89653
2599	81.82	2.99793
2600	14.79	2.09902
2601	16.03	1.98723
2602	16.78	1.85785
2603	17.64	1.60947
2604	18.35	1.70514
2605	19.38	1.61728
2606	20.36	1.58442
2607	21.43	1.64472
2608	22.78	1.82527
2609	24.17	1.88709
2610	25.33	1.87112
2611	26.67	2.14035
2612	27.97	2.17005
2613	29.16	2.08192
2614	30.57	2.03595
2615	31.81	2.18493
2616	32.98	2.11178
2617	34.1	1.97737
2618	35.39	2.1161
2619	36.4	2.21811
2620	37.91	2.12177
2621	38.88	2.12735
2622	39.82	2.08509
2623	41.15	2.11837
2624	42.38	2.33144
2625	43.31	2.34817
2626	44.35	2.38065
2627	45.22	2.34342
2628	46.34	2.43401
2629	47.2	2.37908
2630	48.07	2.45053
2631	49.25	2.55881
2632	50.18	2.55883
2633	51.16	2.65977
2634	51.95	2.6396
2635	52.84	2.65977
2636	53.71	2.71402
2637	54.57	2.69538
2638	55.52	2.65887
2639	56.43	2.62776
2640	57.07	2.57393
2641	57.85	2.74727
2642	58.59	2.77162
2643	59.4	2.88097
2644	60.19	2.78458
2645	60.87	2.86585
2646	61.42	2.81489
2647	61.99	2.68513
2648	62.77	2.70871
2649	63.41	2.77523
2650	64.05	2.8788
2651	64.59	2.91923
2652	65.18	2.82623
2653	65.61	2.89791
2654	66.3	2.93428
2655	66.81	2.89031
2656	67.32	2.88402
2657	67.77	2.8385
2658	68.32	2.96944
2659	68.88	3.01755
2660	69.43	2.93345
2661	69.79	2.82593
2662	70.25	2.79777
2663	70.63	2.82012
2664	71.13	2.90398
2665	71.56	2.93707
2666	72.04	2.84577
2667	72.4	2.77128
2668	72.81	2.77379
2669	73.23	2.81373
2670	73.53	2.77653
2671	73.85	2.80847
2672	74.2	2.72764
2673	74.51	2.86529
2674	74.79	2.8611
2675	75.2	2.92233
2676	75.45	2.95762
2677	75.69	2.97891
2678	75.98	2.99326
2679	76.33	2.89501
2680	76.69	2.91786
2681	77.06	2.86991
2682	77.32	2.90131
2683	77.62	2.925
2684	77.95	2.84385
2685	78.23	2.83145
2686	78.55	2.90646
2687	78.81	3.00232
2688	79.04	3.08195
2689	79.22	2.98188
2690	79.42	2.96709
2691	79.67	2.96329
2692	79.99	3.03808
2693	80.24	2.96351
2694	80.48	3.03803
2695	80.71	2.98762
2696	80.92	2.91781
2697	81.09	2.8569
2698	81.33	2.87073
2699	81.58	2.8326
2700	14.76	1.92416
2701	16.15	2.04145
2702	16.85	1.92029
2703	17.62	1.80986
2704	18.32	1.58669
2705	19.21	1.65103
2706	20.14	1.59386
2707	21.11	1.59934
2708	22.48	1.74631
2709	23.86	1.95969
2710	25.33	2.00527
2711	26.79	1.99647
2712	28.09	2.03517
2713	29.31	1.77028
2714	30.65	1.92029
2715	31.85	1.9615
2716	32.92	1.72441
2717	34.18	1.84054
2718	35.17	2.07391
2719	36.2	2.23159
2720	37.56	2.21955
2721	38.59	2.21402
2722	39.73	2.13005
2723	40.72	2.14979
2724	41.85	2.15116
2725	42.99	2.21583
2726	43.94	2.26195
2727	44.94	2.25309
2728	46.04	2.41214
2729	46.97	2.31281
2730	47.98	2.3194
2731	49.05	2.44694
2732	50.15	2.37645
2733	50.9	2.42693
2734	51.71	2.38032
2735	52.6	2.22261
2736	53.53	2.36835
2737	54.42	2.41735
2738	55.45	2.35956
2739	56.34	2.4299
2740	57.04	2.47354
2741	58.04	2.5492
2742	58.66	2.42165
2743	59.38	2.4891
2744	60.11	2.59189
2745	60.94	2.46504
2746	61.5	2.44336
2747	62.3	2.60192
2748	62.88	2.55061
2749	63.64	2.56718
2750	64.22	2.60223
2751	64.67	2.60405
2752	65.34	2.60469
2753	65.95	2.65471
2754	66.55	2.66974
2755	67.23	2.82083
2756	67.7	2.91376
2757	68.1	2.85132
2758	68.57	2.82933
2759	69.18	2.8614
2760	69.68	2.69399
2761	70.1	2.75862
2762	70.48	2.79457
2763	70.97	2.86166
2764	71.38	2.94204
2765	71.79	2.82947
2766	72.2	2.82489
2767	72.55	2.77624
2768	72.93	2.81516
2769	73.3	2.83373
2770	73.7	2.90345
2771	74.05	2.93726
2772	74.37	2.9314
2773	74.82	2.96776
2774	75.02	2.98992
2775	75.4	2.99666
2776	75.75	2.96774
2777	75.94	2.9011
2778	76.3	2.92404
2779	76.5	2.91376
2780	76.91	2.9668
2781	77.2	2.94618
2782	77.41	2.93631
2783	77.69	2.86599
2784	77.97	2.91704
2785	78.31	2.86948
2786	78.6	2.83549
2787	78.92	2.90751
2788	79.11	2.88408
2789	79.39	2.87713
2790	79.6	2.87054
2791	79.91	2.82876
2792	80.23	2.85256
2793	80.45	2.90302
2794	80.65	2.86138
2795	80.88	2.84352
2796	81.09	2.84287
2797	81.3	2.84429
2798	81.5	2.83373
2799	81.76	2.7681
2800	14.69	2.0625
2801	15.8	1.80555
2802	16.85	1.80208
2803	17.42	1.7617
2804	18.19	1.52771
2805	19.23	1.52876
2806	20.18	1.84597
2807	21.53	1.93109
2808	22.69	2.0866
2809	23.97	1.80807
2810	25.17	1.77795
2811	26.54	1.96173
2812	27.67	1.71496
2813	28.97	1.89976
2814	30.04	1.89694
2815	31.32	2.01435
2816	32.76	1.898
2817	33.92	2.01336
2818	35.34	2.11764
2819	36.63	2.08641
2820	37.71	1.9611
2821	38.75	1.88348
2822	39.81	1.94265
2823	40.53	2.08545
2824	41.78	2.15212
2825	42.94	2.30139
2826	44.16	2.2482
2827	44.97	2.15153
2828	46.04	2.07808
2829	47.15	2.08026
2830	48.1	2.0567
2831	49.07	2.12723
2832	50.02	2.29774
2833	51	2.34947
2834	52.11	2.34049
2835	52.97	2.2998
2836	53.76	2.44998
2837	54.69	2.31817
2838	55.55	2.2644
2839	56.42	2.32026
2840	57.13	2.39439
2841	57.96	2.56094
2842	58.63	2.49662
2843	59.37	2.60636
2844	60.16	2.65601
2845	61.05	2.77984
2846	61.87	2.80234
2847	62.44	2.69563
2848	63.2	2.8
2849	63.78	2.88645
2850	64.36	2.7222
2851	65.2	2.94618
2852	65.9	2.92404
2853	66.49	2.92744
2854	67.1	2.83019
2855	67.63	2.91086
2856	68.03	2.95451
2857	68.6	2.86705
2858	69.22	2.8516
2859	69.68	2.89786
2860	70.04	2.83521
2861	70.53	2.85116
2862	71.1	3.0545
2863	71.48	3.00493
2864	72.11	3.00963
2865	72.39	2.97286
2866	72.93	2.86445
2867	73.25	2.95762
2868	73.68	3.02285
2869	74.08	3.01556
2870	74.52	2.87569
2871	74.8	2.90517
2872	75.14	2.98335
2873	75.48	2.95459
2874	75.7	3.0249
2875	75.96	3.10458
2876	76.31	3.00897
2877	76.62	2.95899
2878	76.92	2.97214
2879	77.31	2.88685
2880	77.6	2.92916
2881	77.78	2.90372
2882	78.14	2.94964
2883	78.49	2.95464
2884	78.72	2.93626
2885	78.92	2.92807
2886	79.17	2.92935
2887	79.45	2.85438
2888	79.68	2.90475
2889	79.93	2.83991
2890	80.2	2.78568
2891	80.46	2.89627
2892	80.64	2.84436
2893	80.83	2.82508
2894	81	2.80713
2895	81.33	2.74975
2896	81.54	2.68485
2897	81.78	2.67051
2898	81.98	2.70178
2899	82.25	2.77984
2900	15.43	2.26828
2901	16.29	2.08947
2902	17.06	1.96886
2903	17.66	1.82329
2904	18.23	1.70209
2905	19.1	1.53948
2906	20.19	1.67747
2907	21.35	1.58351
2908	22.6	1.50333
2909	23.82	1.55808
2910	25.16	1.72464
2911	26.47	1.91549
2912	27.79	1.94574
2913	29.03	1.83551
2914	30.14	1.86558
2915	31.49	1.97735
2916	32.9	2.09045
2917	34.1	2.09523
2918	35.35	2.38065
2919	36.43	2.29022
2920	37.62	2.22162
2921	38.79	2.20134
2922	39.92	2.46041
2923	41.13	2.29632
2924	42.06	2.10152
2925	43.21	2.20588
2926	44.1	2.08567
2927	45.02	2.328
2928	45.88	2.30773
2929	47.03	2.43497
2930	48.09	2.5538
2931	49.06	2.61082
2932	49.76	2.55781
2933	50.85	2.44285
2934	51.93	2.27269
2935	52.86	2.42495
2936	53.55	2.48345
2937	54.34	2.45854
2938	55.33	2.65727
2939	56.29	2.66194
2940	57.25	2.67348
2941	57.99	2.70738
2942	58.68	2.69028
2943	59.61	2.47748
2944	60.32	2.71617
2945	60.97	2.7657
2946	61.58	2.70252
2947	62.28	2.70954
2948	63	2.63059
2949	63.47	2.57858
2950	64.12	2.65812
2951	64.79	2.75788
2952	65.29	2.67318
2953	65.83	2.71682
2954	66.41	2.83582
2955	67.05	2.83328
2956	67.63	2.95856
2957	68.07	2.99418
2958	68.68	2.89441
2959	69.17	2.87421
2960	69.52	2.84422
2961	69.98	2.87395
2962	70.46	3.02794
2963	70.87	2.97877
2964	71.28	3.02681
2965	71.87	3.02541
2966	72.17	2.95654
2967	72.61	2.96275
2968	72.98	2.95628
2969	73.3	2.98161
2970	73.67	2.89156
2971	73.96	2.84577
2972	74.28	2.80742
2973	74.58	2.8989
2974	74.92	2.82376
2975	75.29	2.81174
2976	75.66	2.78647
2977	75.87	2.84132
2978	76.28	2.97684
2979	76.55	2.95423
2980	76.92	2.95865
2981	77.17	2.93276
2982	77.52	2.89303
2983	77.79	2.93017
2984	78.12	2.91644
2985	78.3	2.93769
2986	78.61	2.86669
2987	78.92	2.91094
2988	79.11	2.94583
2989	79.34	2.9128
2990	79.62	2.96574
2991	79.83	2.94637
2992	80.05	2.92361
2993	80.25	2.91676
2994	80.56	2.85068
2995	80.8	2.89137
2996	81.07	2.85746
2997	81.25	2.84033
2998	81.46	2.84401
2999	81.63	2.89363
3000	15	2.19089
3001	15.82	1.92031
3002	16.75	1.75143
3003	17.35	1.60234
3004	18.1	1.52643
3005	19.18	1.55808
3006	20.36	1.71767
3007	21.3	1.63401
3008	22.65	1.53867
3009	24.08	1.75886
3010	25.31	1.99847
3011	26.77	1.75417
3012	27.87	1.80917
3013	28.98	1.95949
3014	30.16	2.12471
3015	31.57	1.94039
3016	32.74	2.12424
3017	33.76	2.13598
3018	35.02	2.21802
3019	36.29	2.0557
3020	37.58	2.09848
3021	38.67	2.04966
3022	39.77	2.0389
3023	41.17	2.3154
3024	42.17	2.28934
3025	43.42	2.33743
3026	44.42	2.3924
3027	45.51	2.48393
3028	46.47	2.42675
3029	47.51	2.45965
3030	48.35	2.41816
3031	49.38	2.4322
3032	50.21	2.47909
3033	51.51	2.48393
3034	52.33	2.34117
3035	53.12	2.49512
3036	54.04	2.36609
3037	55.25	2.55881
3038	56.04	2.56874
3039	56.9	2.71477
3040	57.62	2.66751
3041	58.33	2.63839
3042	59.21	2.73604
3043	60.03	2.65124
3044	60.79	2.65441
3045	61.31	2.70072
3046	62.03	2.84765
3047	62.77	2.92525
3048	63.41	2.90549
3049	64.09	2.98695
3050	64.86	3.07252
3051	65.41	3.00365
3052	66.08	2.96203
3053	66.68	2.9627
3054	67.16	2.92479
3055	67.67	3.00018
3056	68.18	3.08668
3057	68.62	3.13299
3058	69.28	3.13394
3059	69.78	3.26061
3060	70.29	3.22582
3061	70.75	3.1603
3062	71.27	3.19016
3063	71.71	3.08641
3064	72.16	3.06829
3065	72.64	3.19224
3066	72.93	3.2008
3067	73.34	3.1913
3068	73.81	3.23015
3069	74.15	3.1603
3070	74.51	3.25114
3071	74.92	3.23938
3072	75.16	3.28244
3073	75.48	3.32409
3074	75.86	3.17811
3075	76.12	3.22577
3076	76.45	3.21986
3077	76.9	3.21092
3078	77.19	3.22396
3079	77.5	3.25115
3080	77.69	3.29453
3081	77.98	3.23104
3082	78.2	3.19687
3083	78.43	3.22569
3084	78.72	3.172
3085	78.98	3.22484
3086	79.28	3.33191
3087	79.53	3.25716
3088	79.81	3.15498
3089	80.03	3.18577
3090	80.29	3.14736
3091	80.49	3.16068
3092	80.67	3.13067
3093	80.99	3.14164
3094	81.2	3.21248
3095	81.46	3.17307
3096	81.66	3.15347
3097	81.85	3.16346
3098	82.12	3.17578
3099	82.4	3.13369
3100	14.58	2.0937
3101	15.99	2.03222
3102	16.87	1.87965
3103	17.5	1.74069
3104	18.19	1.68935
3105	19.06	1.50877
3106	20.22	1.55293
3107	21.44	1.62678
3108	22.61	1.67269
3109	23.83	1.90292
3110	25.29	1.88306
3111	26.47	1.77457
3112	27.8	1.90788
3113	28.91	1.90313
3114	30.5	1.93132
3115	31.62	1.82636
3116	32.74	2.18
3117	33.99	2.22933
3118	35.08	2.16647
3119	36.35	2.3297
3120	37.56	1.90431
3121	38.89	2.2755
3122	39.86	2.15416
3123	40.82	2.19262
3124	41.97	2.02215
3125	43.04	2.07326
3126	43.89	2.11137
3127	44.96	2.20871
3128	46	2.23159
3129	47.07	2.45868
3130	48.09	2.4004
3131	49.07	2.27708
3132	50.09	2.29824
3133	50.9	2.41454
3134	51.9	2.33024
3135	52.65	2.38485
3136	53.53	2.37678
3137	54.25	2.38485
3138	55.09	2.44579
3139	55.99	2.53967
3140	56.74	2.54016
3141	57.54	2.63219
3142	58.48	2.62099
3143	59.1	2.57876
3144	59.84	2.70081
3145	60.59	2.70959
3146	61.26	2.65187
3147	61.86	2.66466
3148	62.36	2.65526
3149	63.16	2.74489
3150	63.7	2.81957
3151	64.43	2.70279
3152	65.07	2.77581
3153	65.54	2.73284
3154	66.06	2.70118
3155	66.69	2.71549
3156	67.2	2.79285
3157	67.79	2.67318
3158	68.37	2.78444
3159	68.81	2.79891
3160	69.34	2.85033
3161	69.76	2.86398
3162	70.33	2.86725
3163	70.75	2.87185
3164	71.14	2.94286
3165	71.53	2.91361
3166	71.93	2.90948
3167	72.32	2.9627
3168	72.83	2.98682
3169	73.2	2.95973
3170	73.59	3.00365
3171	73.95	2.88227
3172	74.25	2.961
3173	74.6	3.05287
3174	74.96	3.0722
3175	75.31	3.01892
3176	75.55	3.06064
3177	75.81	2.99565
3178	76.18	3.01125
3179	76.49	3.00165
3180	76.8	3.00666
3181	77.09	2.91923
3182	77.49	2.98829
3183	77.74	2.93128
3184	77.97	2.93753
3185	78.22	2.92431
3186	78.47	2.95789
3187	78.72	2.95324
3188	78.97	2.92046
3189	79.29	2.8506
3190	79.48	2.86873
3191	79.8	2.93258
3192	80.04	2.85629
3193	80.34	2.83979
3194	80.63	2.81302
3195	80.81	2.83794
3196	81.09	2.9329
3197	81.35	2.94406
3198	81.48	2.92397
3199	81.69	2.92471
3200	14.91	2.13586
3201	16.17	1.73813
3202	16.94	1.56729
3203	17.68	1.49586
3204	18.4	1.60624
3205	19.27	1.6962
3206	20.14	1.72058
3207	21.47	1.70561
3208	22.81	1.87454
3209	24.28	1.98535
3210	25.74	2.01306
3211	26.81	1.74181
3212	27.88	1.8291
3213	29.09	2.04497
3214	30.37	2.18931
3215	31.5	2.07123
3216	32.9	2.12368
3217	34.14	2.33675
3218	35.28	2.31983
3219	36.37	2.3309
3220	37.68	2.33187
3221	39.01	2.20678
3222	40.15	1.9666
3223	41.4	2.01494
3224	42.43	2.04086
3225	43.4	1.91833
3226	44.17	2.05453
3227	45.33	2.18199
3228	46.45	2.17888
3229	47.39	2.14427
3230	48.36	2.30877
3231	49.42	2.30729
3232	50.4	2.35372
3233	51.41	2.4335
3234	52.18	2.30382
3235	53.1	2.22036
3236	53.94	2.37411
3237	54.93	2.39689
3238	55.82	2.27324
3239	56.54	2.2953
3240	57.43	2.39689
3241	58.21	2.36768
3242	59.13	2.24791
3243	59.9	2.43926
3244	60.68	2.44082
3245	61.26	2.53622
3246	61.94	2.69748
3247	62.57	2.60098
3248	63.34	2.49888
3249	64.08	2.61029
3250	64.64	2.5943
3251	65.31	2.52862
3252	65.98	2.59607
3253	66.47	2.5979
3254	67.24	2.78252
3255	67.78	2.67425
3256	68.48	2.74036
3257	68.9	2.74044
3258	69.35	2.77263
3259	69.85	2.65094
3260	70.3	2.68514
3261	70.82	2.79063
3262	71.27	2.81373
3263	71.68	2.83507
3264	72.04	2.90489
3265	72.63	2.94162
3266	73.01	2.96815
3267	73.46	3.01801
3268	73.91	3.03346
3269	74.22	3.07109
3270	74.72	2.99693
3271	75.04	3.05915
3272	75.29	3.03412
3273	75.63	3.02871
3274	76.02	2.98322
3275	76.3	3.05778
3276	76.65	3.04754
3277	76.91	2.97017
3278	77.23	3.07199
3279	77.54	3.10941
3280	77.84	3.11679
3281	78.08	3.12947
3282	78.36	3.21409
3283	78.54	3.23858
3284	78.83	3.22817
3285	79.13	3.22073
3286	79.4	3.28024
3287	79.71	3.1978
3288	79.94	3.15221
3289	80.12	3.10895
3290	80.4	3.1749
3291	80.64	3.10973
3292	80.85	3.10604
3293	81.15	3.15079
3294	81.36	3.05129
3295	81.53	3.0478
3296	81.71	3.04071
3297	81.94	3.07187
3298	82.14	3.02662
3299	82.36	3.08389
3300	15	2.09762
3301	16.19	1.87454
3302	16.92	1.82033
3303	17.63	1.87433
3304	18.5	1.78606
3305	19.26	1.64085
3306	20.34	1.76193
3307	21.53	1.62145
3308	22.6	1.89209
3309	23.98	2.04441
3310	25.4	2.00998
3311	26.64	1.98252
3312	28.04	2.13972
3313	29.45	2.27321
3314	30.58	2.17798
3315	31.73	2.11118
3316	32.8	1.98494
3317	33.89	1.91779
3318	35.39	1.87027
3319	36.53	1.82458
3320	37.66	1.73332
3321	38.54	1.68772
3322	39.82	1.79655
3323	40.84	1.804
3324	42.11	2.01938
3325	43.13	2.08161
3326	44.17	2.29371
3327	45.06	2.32302
3328	46.19	2.21673
3329	47.49	2.29127
3330	48.35	2.34681
3331	49.18	2.36804
3332	50.34	2.41338
3333	51.21	2.43432
3334	52.18	2.41404
3335	53.13	2.51657
3336	53.95	2.54313
3337	54.73	2.4894
3338	55.64	2.60584
3339	56.27	2.56068
3340	57.09	2.7059
3341	57.97	2.67378
3342	58.76	2.73174
3343	59.63	2.62166
3344	60.31	2.48875
3345	61.21	2.51911
3346	61.8	2.54951
3347	62.43	2.63156
3348	63.13	2.61019
3349	63.79	2.69924
3350	64.37	2.70797
3351	64.97	2.78731
3352	65.66	3.00073
3353	66.21	3.07667
3354	66.77	3.17759
3355	67.26	3.11005
3356	67.83	3.13067
3357	68.45	3.17923
3358	68.97	3.24486
3359	69.51	3.26342
3360	70.01	3.3511
3361	70.38	3.35494
3362	70.73	3.25532
3363	71.17	3.19705
3364	71.57	3.18828
3365	71.89	3.3523
3366	72.32	3.3373
3367	72.75	3.39816
3368	73.18	3.36268
3369	73.46	3.3628
3370	73.79	3.36837
3371	74.09	3.37667
3372	74.47	3.43644
3373	74.78	3.30327
3374	75.15	3.33879
3375	75.41	3.34393
3376	75.84	3.44302
3377	76.14	3.42351
3378	76.41	3.46149
3379	76.72	3.47298
3380	76.99	3.40733
3381	77.29	3.42431
3382	77.57	3.47061
3383	77.81	3.49198
3384	78.07	3.48211
3385	78.38	3.42573
3386	78.59	3.43539
3387	78.85	3.3775
3388	79.17	3.28346
3389	79.44	3.28427
3390	79.74	3.26074
3391	80.03	3.28468
3392	80.26	3.33952
3393	80.47	3.29076
3394	80.71	3.30241
3395	80.94	3.25521
3396	81.19	3.30664
3397	81.45	3.37157
3398	81.68	3.28597
3399	81.84	3.22403
3400	14.68	1.78258
3401	15.86	1.86022
3402	16.69	1.64131
3403	17.54	1.63963
3404	18.38	1.62345
3405	19.17	1.58149
3406	20.19	1.81491
3407	21.61	1.91256
3408	23	2.11187
3409	24.31	1.95292
3410	25.56	1.951
3411	26.83	2.09788
3412	28.3	1.8412
3413	29.55	1.99687
3414	30.66	2.12236
3415	31.97	2.28672
3416	32.98	2.16324
3417	34.08	2.04783
3418	35.22	2.17062
3419	36.43	2.36751
3420	37.46	2.14206
3421	38.67	2.25856
3422	39.78	2.30469
3423	40.93	2.58556
3424	41.97	2.5979
3425	43.1	2.6096
3426	44.25	2.6396
3427	45.47	2.67378
3428	46.37	2.58323
3429	47.32	2.66788
3430	48.3	2.76948
3431	49.24	2.53819
3432	50.25	2.45102
3433	51.11	2.50557
3434	52.16	2.43606
3435	52.94	2.42
3436	53.83	2.4251
3437	54.6	2.56125
3438	55.57	2.58556
3439	56.38	2.66
3440	57.09	2.5888
3441	58.08	2.65962
3442	58.81	2.6446
3443	59.56	2.73247
3444	60.31	2.63323
3445	61.05	2.65094
3446	61.63	2.76642
3447	62.29	2.57019
3448	63.08	2.67462
3449	63.68	2.72353
3450	64.32	2.77445
3451	64.97	2.71829
3452	65.4	2.80357
3453	65.98	2.66826
3454	66.49	2.74042
3455	67.03	2.72564
3456	67.5	2.79106
3457	68.13	2.67826
3458	68.67	2.7315
3459	69.14	2.63826
3460	69.57	2.52688
3461	70.04	2.52159
3462	70.58	2.64265
3463	71.07	2.7249
3464	71.46	2.71448
3465	71.88	2.69548
3466	72.17	2.70205
3467	72.66	2.6428
3468	73.02	2.68321
3469	73.33	2.67976
3470	73.77	2.58401
3471	74.09	2.60037
3472	74.39	2.55693
3473	74.79	2.52307
3474	75.14	2.65714
3475	75.5	2.62869
3476	75.77	2.59174
3477	76.07	2.71018
3478	76.42	2.70991
3479	76.64	2.72954
3480	76.83	2.69093
3481	77	2.7313
3482	77.39	2.65667
3483	77.67	2.6346
3484	78.03	2.56303
3485	78.31	2.60267
3486	78.54	2.59777
3487	78.9	2.63249
3488	79.26	2.56367
3489	79.56	2.50328
3490	79.68	2.50152
3491	79.97	2.49982
3492	80.27	2.52925
3493	80.52	2.52381
3494	80.72	2.51825
3495	80.96	2.52951
3496	81.17	2.44971
3497	81.38	2.44859
3498	81.64	2.45976
3499	81.87	2.46842
3500	14.52	1.92603
3501	15.65	1.76281
3502	16.39	1.88624
3503	17.31	1.71286
3504	18.06	1.58
3505	19.06	1.73678
3506	20.29	1.6691
3507	21.56	1.83478
3508	22.72	1.92395
3509	24.01	2.09043
3510	25.35	2.03654
3511	26.86	2.20916
3512	27.98	2.01484
3513	29.24	1.93453
3514	30.43	1.99627
3515	31.69	2.21673
3516	33.04	2.06843
3517	34.34	2.22809
3518	35.38	2.16693
3519	36.66	2.13645
3520	37.8	2.09284
3521	39.1	2.26495
3522	40.02	2.2135
3523	41.3	2.26053
3524	42.29	2.41783
3525	43.44	2.65451
3526	44.48	2.7294
3527	45.5	2.65895
3528	46.56	2.49528
3529	47.44	2.50727
3530	48.27	2.24435
3531	49.23	2.48135
3532	50.1	2.58263
3533	51.19	2.50078
3534	52.22	2.73342
3535	53.08	2.75202
3536	53.95	2.6396
3537	54.79	2.61264
3538	55.63	2.7337
3539	56.53	2.92388
3540	57.26	2.87618
3541	58.04	2.84577
3542	58.78	2.57519
3543	59.71	2.87505
3544	60.46	2.91692
3545	61.35	2.89957
3546	62.05	2.95762
3547	62.7	2.92404
3548	63.41	3.11158
3549	64.02	3.01324
3550	64.61	3.18715
3551	65.25	3.1603
3552	65.87	3.20829
3553	66.33	3.16245
3554	66.85	3.19805
3555	67.36	3.02496
3556	68.03	2.9915
3557	68.44	3.05064
3558	68.96	3.15886
3559	69.44	3.04736
3560	69.84	3.13598
3561	70.35	3.01455
3562	70.79	2.99097
3563	71.26	3.03849
3564	71.65	3.14444
3565	71.91	3.1689
3566	72.35	3.29962
3567	72.68	3.30115
3568	73.13	3.31257
3569	73.53	3.29076
3570	73.86	3.3197
3571	74.27	3.23065
3572	74.53	3.23251
3573	74.89	3.25544
3574	75.21	3.22582
3575	75.51	3.25728
3576	75.76	3.23765
3577	76.06	3.304
3578	76.34	3.33233
3579	76.66	3.38
3580	76.9	3.38674
3581	77.2	3.4641
3582	77.46	3.51118
3583	77.73	3.51811
3584	77.98	3.38816
3585	78.28	3.34389
3586	78.52	3.37781
3587	78.72	3.40905
3588	78.96	3.35833
3589	79.28	3.33191
3590	79.46	3.43634
3591	79.72	3.39729
3592	79.91	3.31088
3593	80.28	3.3289
3594	80.47	3.36884
3595	80.68	3.3967
3596	80.9	3.38378
3597	81.08	3.44871
3598	81.28	3.41784
3599	81.45	3.37157
3600	14.68	1.98937
3601	15.74	1.91113
3602	16.69	1.90628
3603	17.56	1.9714
3604	18.39	1.69053
3605	19.38	1.81538
3606	20.41	1.8116
3607	21.62	1.84813
3608	22.66	1.77325
3609	24.09	2.03025
3610	25.36	1.85753
3611	26.62	1.86965
3612	28.04	1.95407
3613	29.18	1.93587
3614	30.6	2.3622
3615	31.86	2.31525
3616	33.04	2.33632
3617	34.51	2.24274
3618	35.56	2.26857
3619	36.49	2.21131
3620	37.44	1.96122
3621	38.73	2.2488
3622	39.92	2.23911
3623	40.88	2.20127
3624	41.93	2.27269
3625	43.15	2.39322
3626	44.34	2.33332
3627	45.29	2.30345
3628	46.11	2.42031
3629	47.16	2.41131
3630	47.99	2.33021
3631	49.22	2.45593
3632	50.11	2.60344
3633	51.01	2.68513
3634	52.12	2.86803
3635	53.23	2.60712
3636	54.13	2.75918
3637	54.96	2.88763
3638	55.63	2.82721
3639	56.51	2.76585
3640	57.53	2.65501
3641	58.22	2.65548
3642	59.07	2.49902
3643	60.04	2.64167
3644	60.62	2.64114
3645	61.47	2.83709
3646	62.09	2.77162
3647	62.83	2.92594
3648	63.52	2.84422
3649	64.24	2.93639
3650	64.72	2.97348
3651	65.42	3.04362
3652	66.11	2.90825
3653	66.64	2.86189
3654	67.19	2.91786
3655	67.79	2.81885
3656	68.3	2.79821
3657	68.75	2.90646
3658	69.27	3.04255
3659	69.74	2.99873
3660	70.23	3.07849
3661	70.76	3.14998
3662	71.38	3.18679
3663	71.74	3.26992
3664	72.22	3.38993
3665	72.71	3.28419
3666	72.98	3.22794
3667	73.34	3.24721
3668	73.76	3.22528
3669	74.13	3.33063
3670	74.39	3.36421
3671	74.79	3.34453
3672	75.24	3.34401
3673	75.52	3.37781
3674	75.82	3.31475
3675	76.14	3.39417
3676	76.41	3.36183
3677	76.69	3.33075
3678	77.02	3.29235
3679	77.32	3.2121
3680	77.56	3.29339
3681	77.91	3.27443
3682	78.17	3.34382
3683	78.47	3.318
3684	78.7	3.27872
3685	79	3.29242
3686	79.3	3.3121
3687	79.51	3.25421
3688	79.75	3.17608
3689	80.03	3.23251
3690	80.3	3.17962
3691	80.54	3.16676
3692	80.78	3.2236
3693	80.97	3.17633
3694	81.25	3.13807
3695	81.48	3.06098
3696	81.61	3.04268
3697	81.81	3.07472
3698	82.03	3.09985
3699	82.27	3.05567
3700	14.86	1.87094
3701	15.69	1.63521
3702	16.4	1.52315
3703	17.12	1.67499
3704	18.12	1.70458
3705	18.99	1.62785
3706	20.27	1.82129
3707	21.47	1.82458
3708	22.51	1.70584
3709	23.86	1.82768
3710	24.92	1.9984
3711	26.62	1.86965
3712	27.67	1.76099
3713	28.7	1.75784
3714	29.89	1.92299
3715	31.41	1.97025
3716	32.65	2.02176
3717	33.71	2.00147
3718	34.99	2.09998
3719	36.2	2.10713
3720	37.26	2.09581
3721	38.26	1.83641
3722	39.6	2.17256
3723	40.77	2.07776
3724	41.86	2.30226
3725	43.01	2.30866
3726	44.17	2.29806
3727	45.07	2.25945
3728	46.15	2.1926
3729	47.34	2.40092
3730	48.21	2.47909
3731	49.07	2.26387
3732	50.15	2.30814
3733	50.77	2.39105
3734	51.73	2.33176
3735	52.85	2.43465
3736	53.73	2.34032
3737	54.47	2.32575
3738	55.37	2.37342
3739	56.19	2.44416
3740	56.84	2.36947
3741	57.67	2.43744
3742	58.5	2.57488
3743	59.2	2.60768
3744	59.97	2.63991
3745	60.77	2.65652
3746	61.5	2.7037
3747	62.17	2.78228
3748	62.73	2.80305
3749	63.39	2.89791
3750	64.08	2.80956
3751	64.72	2.87082
3752	65.5	2.96816
3753	66.1	3.18277
3754	66.58	3.18804
3755	67.12	3.07011
3756	67.63	2.95856
3757	68.09	3.01694
3758	68.63	2.95856
3759	69.13	2.94501
3760	69.58	2.9434
3761	70.09	2.96343
3762	70.47	3.00817
3763	70.88	3.00093
3764	71.25	2.97447
3765	71.72	2.95324
3766	72.14	3.08551
3767	72.48	3.01158
3768	72.86	3.07903
3769	73.27	3.14597
3770	73.52	3.12883
3771	73.82	3.08019
3772	74.14	3.09522
3773	74.57	3.01747
3774	74.84	3.03882
3775	75.13	3.03201
3776	75.45	3.18237
3777	75.84	3.1866
3778	76.18	3.15081
3779	76.4	3.19687
3780	76.6	3.14643
3781	76.85	3.01786
3782	77.09	2.94311
3783	77.39	2.98629
3784	77.62	3.03572
3785	77.98	3.00326
3786	78.35	2.97447
3787	78.52	3.02152
3788	78.78	2.95831
3789	79.01	2.97151
3790	79.2	3.02985
3791	79.46	2.98804
3792	79.65	2.93044
3793	79.9	2.92746
3794	80.16	2.80614
3795	80.33	2.80377
3796	80.56	2.86817
3797	80.79	2.82593
3798	81	2.89137
3799	81.2	2.87054
3800	14.67	1.92382
3801	16.23	1.74846
3802	16.93	1.83986
3803	17.58	1.63817
3804	18.37	1.66526
3805	19.25	1.57718
3806	20.3	1.88414
3807	21.67	1.85502
3808	22.94	1.9226
3809	24.4	1.89737
3810	25.66	2.08911
3811	26.93	2.08928
3812	28.2	2.12132
3813	29.44	2.04607
3814	30.48	1.95182
3815	31.73	2.06327
3816	33.14	2.0348
3817	34.32	2.24891
3818	35.24	2.196
3819	36.71	2.36768
3820	37.81	2.38199
3821	39.04	2.59584
3822	40.17	2.40855
3823	41.19	2.18034
3824	42.06	2.28394
3825	43.3	2.45967
3826	44.26	2.45609
3827	45.23	2.50541
3828	46.4	2.45764
3829	47.3	2.52389
3830	48.28	2.45797
3831	49.23	2.37004
3832	50.45	2.66974
3833	51.35	2.70694
3834	52.43	2.88532
3835	53.2	2.73861
3836	54.08	2.63697
3837	54.9	2.68142
3838	55.69	2.62943
3839	56.53	2.61708
3840	57.47	2.7512
3841	58.26	2.70044
3842	59.03	2.83709
3843	59.87	2.87977
3844	60.7	2.98496
3845	61.36	2.94455
3846	61.95	2.94066
3847	62.77	3.04911
3848	63.46	3.08357
3849	64.08	3.12947
3850	64.8	3.23728
3851	65.24	3.19412
3852	65.86	3.22806
3853	66.36	3.30309
3854	66.93	3.36231
3855	67.49	3.46553
3856	67.93	3.29319
3857	68.56	3.29642
3858	69.21	3.2351
3859	69.74	3.2392
3860	70.25	3.37454
3861	70.64	3.3868
3862	70.99	3.30301
3863	71.43	3.50786
3864	71.82	3.46808
3865	72.23	3.46368
3866	72.72	3.35285
3867	73.16	3.38443
3868	73.59	3.44701
3869	73.94	3.50947
3870	74.25	3.52527
3871	74.67	3.52719
3872	74.97	3.51128
3873	75.36	3.53135
3874	75.67	3.53569
3875	76.09	3.49312
3876	76.43	3.37714
3877	76.77	3.39663
3878	77.14	3.39712
3879	77.42	3.42105
3880	77.62	3.42573
3881	77.91	3.37074
3882	78.12	3.31445
3883	78.45	3.34477
3884	78.76	3.32602
3885	79.04	3.32241
3886	79.32	3.37603
3887	79.58	3.36803
3888	79.83	3.3198
3889	80.04	3.37615
3890	80.25	3.34178
3891	80.49	3.26648
3892	80.74	3.22372
3893	81.04	3.31638
3894	81.25	3.26611
3895	81.47	3.20454
3896	81.63	3.25163
3897	81.83	3.23436
3898	82.01	3.30906
3899	82.23	3.30713
3900	14.91	1.94985
3901	15.79	1.75097
3902	16.88	1.63267
3903	17.54	1.50612
3904	18.23	1.57388
3905	19.1	1.57162
3906	20.27	1.85933
3907	21.65	1.91507
3908	22.85	2.09464
3909	24.02	2.0346
3910	25.13	2.11497
3911	26.41	2.11232
3912	27.79	1.80718
3913	29.04	1.98454
3914	30.16	1.89589
3915	31.66	2.04558
3916	33	2.0347
3917	34.24	2.04509
3918	35.24	2.196
3919	36.66	2.27253
3920	37.76	2.20055
3921	38.73	2.23094
3922	39.95	2.16044
3923	41.07	2.26828
3924	42.01	2.27814
3925	43.13	2.47651
3926	44.18	2.40158
3927	45.16	2.40716
3928	46.1	2.34734
3929	47.2	2.40832
3930	48.15	2.48747
3931	49.25	2.5313
3932	50.06	2.47314
3933	51.05	2.40156
3934	51.93	2.491
3935	52.85	2.43875
3936	53.71	2.47506
3937	54.56	2.47516
3938	55.5	2.5593
3939	56.21	2.49116
3940	57.12	2.39282
3941	57.65	2.43875
3942	58.49	2.41452
3943	59.23	2.47732
3944	60.05	2.54313
3945	61.02	2.4899
3946	61.51	2.39789
3947	62.07	2.30328
3948	62.72	2.37941
3949	63.39	2.42856
3950	63.9	2.33452
3951	64.5	2.31733
3952	65.18	2.38906
3953	65.85	2.40988
3954	66.34	2.43811
3955	66.99	2.4799
3956	67.46	2.57068
3957	68.02	2.5099
3958	68.47	2.54737
3959	68.82	2.44287
3960	69.45	2.5035
3961	69.8	2.61916
3962	70.19	2.58339
3963	70.64	2.56718
3964	71.01	2.5199
3965	71.35	2.4995
3966	71.87	2.5403
3967	72.26	2.60622
3968	72.63	2.48859
3969	73.07	2.4668
3970	73.38	2.5329
3971	73.74	2.46828
3972	74.07	2.54659
3973	74.4	2.61534
3974	74.71	2.67318
3975	75.05	2.67722
3976	75.38	2.66
3977	75.66	2.7211
3978	76.03	2.77653
3979	76.32	2.66788
3980	76.62	2.6487
3981	76.82	2.77265
3982	77.13	2.76281
3983	77.47	2.69242
3984	77.73	2.65275
3985	77.98	2.61526
3986	78.16	2.60277
3987	78.39	2.5996
3988	78.69	2.58726
3989	79	2.62679
3990	79.23	2.58788
3991	79.43	2.65426
3992	79.66	2.64658
3993	79.95	2.61677
3994	80.16	2.61427
3995	80.46	2.61694
3996	80.63	2.5677
3997	80.87	2.59482
3998	81.04	2.58813
3999	81.31	2.55615
4000	15.06	1.98907
