1	19.41	1.64375
2	20.52	1.53284
3	21.59	1.80053
4	22.75	1.87816
5	23.74	1.79789
6	25.12	1.89357
7	26.47	1.91026
8	27.77	2.16266
9	28.89	2.05375
10	30.12	2.13204
11	31.43	2.56225
12	32.41	2.52624
13	33.73	2.67528
14	35.18	2.65473
15	36.42	2.47459
16	37.67	2.34544
17	38.82	2.1697
18	39.9	2.26495
19	40.98	2.5099
20	42.21	2.64687
21	43.42	2.3924
22	44.48	2.42685
23	45.52	2.26486
24	46.67	2.45786
25	47.74	2.33504
26	48.61	2.52149
27	49.55	2.41402
28	50.7	2.57488
29	51.63	2.52846
30	52.54	2.60546
31	53.62	2.77049
32	54.38	2.69733
33	55.71	2.7177
34	56.56	2.69191
35	57.45	2.79419
36	58.12	2.83648
37	59.1	2.93769
38	59.94	2.97597
39	60.64	2.90007
40	61.34	2.81148
41	62.15	2.90302
42	62.92	2.96877
43	63.65	3.06716
44	64.35	3.01123
45	65.1	3.1225
46	65.71	3.10256
47	66.43	3.09921
48	67.24	2.94998
49	67.71	2.91991
50	68.23	2.93208
51	68.85	3.02779
52	69.25	3.01786
53	69.87	2.94162
54	70.51	2.9206
55	70.99	3.01163
56	71.49	3.11286
57	71.86	3.11133
58	72.42	3.20056
59	72.88	3.18835
60	73.34	3.14713
61	73.7	3.07734
62	74.08	3.07467
63	74.5	3.01828
64	74.79	3.05383
65	75.18	3.11891
66	75.5	3.1289
67	75.85	3.18551
68	76.29	3.16321
69	76.58	3.20056
70	76.86	3.21876
71	77.15	3.19492
72	77.62	3.27957
73	77.88	3.30236
74	78.12	3.16
75	78.45	3.16978
76	78.77	3.13003
77	79.07	3.02739
78	79.34	3.01403
79	79.58	3.01722
80	79.85	3.02118
81	80.13	3.05828
82	80.34	3.0894
83	80.61	2.95261
84	80.86	2.94286
85	81.09	2.98361
86	81.25	2.99458
87	81.47	2.89294
88	81.71	2.86808
89	81.91	2.8323
90	82.12	2.79027
91	82.38	2.8593
92	82.61	2.83512
93	82.82	2.77986
94	83	2.78568
95	83.26	2.76268
96	83.48	2.65134
97	83.67	2.64596
98	83.88	2.65435
99	84.15	2.70694
100	4.96	1.49613
101	5.41	1.56904
102	5.97	1.59659
103	6.42	1.55679
104	7	1.54272
105	7.52	1.53935
106	8.14	1.62493
107	8.87	1.71263
108	9.53	1.74043
109	10.11	1.74869
110	10.77	1.70795
111	11.58	1.79544
112	12.27	1.82129
113	12.83	1.81138
114	13.67	1.82239
115	14.25	1.81315
116	14.82	1.72267
117	15.47	1.77457
118	16.29	1.86169
119	16.92	1.90095
120	17.84	1.92208
121	18.53	1.90502
122	19.2	1.71464
123	19.78	1.80876
124	20.46	1.82986
125	21.26	2.00808
126	21.93	1.97613
127	22.55	2.07063
128	23.3	2.11424
129	23.9	2.03715
130	24.63	2.01323
131	25.16	1.95816
132	25.8	2.08327
133	26.59	2.01542
134	27.31	2.16654
135	28.01	2.41452
136	28.77	2.28847
137	29.34	2.29443
138	29.94	2.13925
139	30.64	2.05679
140	31.33	2.15432
141	32	2.16333
142	32.59	2.06928
143	33.16	2.20327
144	33.74	2.29617
145	34.37	2.41104
146	34.96	2.35763
147	35.58	2.31594
148	36.21	2.38032
149	36.84	2.55625
150	37.5	2.58263
151	38.03	2.53162
152	38.59	2.4004
153	39.29	2.58184
154	39.87	2.58323
155	40.38	2.5953
156	40.97	2.55129
157	41.57	2.50701
158	41.99	2.63247
159	42.63	2.66704
160	43.24	2.77171
161	43.78	2.67051
162	44.28	2.5926
163	44.92	2.67462
164	45.46	2.63598
165	46.1	2.5865
166	46.73	2.62242
167	47.26	2.58697
168	47.66	2.65036
169	48.24	2.56172
170	48.78	2.59453
171	49.11	2.67916
172	49.59	2.74989
173	50.13	2.7227
174	50.63	2.71166
175	51.11	2.62258
176	51.55	2.62821
177	51.92	2.60645
178	52.45	2.69954
179	52.98	2.70548
180	53.52	2.76579
181	54.11	2.88408
182	54.55	2.63581
183	55.06	2.65262
184	55.53	2.70723
185	56	2.76405
186	56.42	2.77914
187	56.81	2.69331
188	57.28	2.67985
189	57.7	2.66271
190	58.18	2.70695
191	58.78	2.93114
192	59.16	2.9042
193	59.53	2.89639
194	59.91	2.82876
195	60.31	2.86948
196	60.63	2.96869
197	61.1	2.87924
198	61.51	2.93085
199	61.9	2.85132
200	5.27	1.71962
201	5.77	1.73121
202	6.32	1.81041
203	6.81	1.78154
204	7.38	1.80986
205	7.93	1.72195
206	8.52	1.74631
207	9.35	1.72264
208	9.96	1.73159
209	10.69	1.65345
210	11.46	1.71709
211	12.24	1.74997
212	12.74	1.7642
213	13.51	1.70584
214	14.23	1.85933
215	14.92	1.8851
216	15.48	1.86269
217	16.18	1.74574
218	16.86	1.83859
219	17.6	1.84391
220	18.41	1.82809
221	18.98	1.86
222	19.72	1.89251
223	20.44	1.86719
224	21.23	1.94348
225	21.9	1.98746
226	22.53	1.98723
227	23.27	2.05356
228	23.94	2.03381
229	24.58	2.10324
230	25.09	2.12177
231	25.83	2.10264
232	26.51	2.07121
233	27.07	2.17373
234	27.86	2.24953
235	28.43	2.21926
236	29.13	2.27444
237	29.68	2.32327
238	30.27	2.31886
239	30.96	2.33632
240	31.64	2.45976
241	32.26	2.47637
242	32.83	2.44154
243	33.39	2.50956
244	33.92	2.51666
245	34.63	2.57159
246	35.3	2.55539
247	35.69	2.54831
248	36.39	2.66419
249	36.97	2.67004
250	37.65	2.72167
251	38.17	2.81089
252	38.87	2.75918
253	39.41	2.73531
254	39.95	2.64717
255	40.57	2.64293
256	41.1	2.65895
257	41.65	2.71431
258	42.18	2.79063
259	42.71	2.77955
260	43.31	2.72285
261	43.97	2.74392
262	44.53	2.74027
263	45.1	2.80891
264	45.53	2.71092
265	46.1	2.65141
266	46.63	2.74465
267	47.34	2.73576
268	48	2.71662
269	48.47	2.65878
270	48.94	2.60315
271	49.5	2.5671
272	50.22	2.65548
273	50.62	2.58759
274	51.13	2.70057
275	51.54	2.7728
276	51.99	2.81601
277	52.48	2.74401
278	52.91	2.73165
279	53.4	2.67955
280	53.95	2.74363
281	54.41	2.73896
282	55.03	2.7909
283	55.48	2.83012
284	55.93	2.82225
285	56.4	2.78568
286	56.8	2.77849
287	57.27	2.8385
288	57.73	2.94569
289	58.22	2.96506
290	58.64	2.85839
291	59.08	2.81311
292	59.54	3.00473
293	59.97	2.93072
294	60.4	2.86356
295	60.82	2.83683
296	61.17	2.89501
297	61.57	2.90948
298	62.01	2.94786
299	62.39	2.97286
300	5.01	1.30763
301	5.48	1.29213
302	6	1.41421
303	6.59	1.4906
304	7.25	1.53216
305	7.83	1.62515
306	8.39	1.61799
307	9.15	1.59609
308	9.84	1.78729
309	10.57	1.87219
310	11.2	1.8868
311	11.82	1.77978
312	12.45	1.77975
313	13.31	1.83137
314	14.03	1.83005
315	14.63	2.0768
316	15.37	1.96293
317	16.03	1.99727
318	16.76	1.94484
319	17.61	1.88624
320	18.2	2.06882
321	18.97	2.05161
322	19.77	2.07294
323	20.49	2.10948
324	21.25	2.21077
325	21.85	2.2198
326	22.69	2.27901
327	23.3	2.39374
328	24.04	2.33204
329	24.81	2.44416
330	25.41	2.34135
331	26.15	2.36379
332	26.77	2.41187
333	27.35	2.41816
334	28.17	2.39606
335	28.77	2.42839
336	29.5	2.46779
337	30.24	2.49447
338	30.79	2.41783
339	31.43	2.45461
340	32.03	2.53951
341	32.55	2.5313
342	33.15	2.58215
343	33.67	2.63839
344	34.38	2.65624
345	35.13	2.741
346	35.62	2.75964
347	36.39	2.7528
348	37	2.77128
349	37.67	2.74246
350	38.13	2.77725
351	38.75	2.90302
352	39.41	2.90893
353	39.9	2.97489
354	40.35	2.90302
355	40.96	2.85979
356	41.52	3.01158
357	42.1	2.96816
358	42.59	3.00032
359	43.32	2.93217
360	43.73	2.91498
361	44.28	2.81453
362	45.01	2.88962
363	45.48	3.00826
364	46.03	3.09663
365	46.52	2.99159
366	47.07	2.99752
367	47.62	2.83471
368	48.17	2.8881
369	48.66	2.92308
370	49.21	2.94039
371	49.76	2.99373
372	50.3	2.91719
373	50.69	2.87296
374	51.29	2.91649
375	51.69	2.91443
376	52.31	2.91786
377	52.72	3.04985
378	53.26	3.07773
379	53.69	3.10063
380	54.09	3.00365
381	54.61	2.87017
382	55.02	2.96304
383	55.48	3.02483
384	55.96	2.83521
385	56.51	3.00498
386	56.93	3.00085
387	57.28	2.9869
388	57.73	3.14914
389	58.2	3.19061
390	58.71	3.13144
391	59.01	3.09353
392	59.47	3.09663
393	59.86	3.12736
394	60.2	3.13688
395	60.63	3.25163
396	61.03	3.22011
397	61.45	3.21053
398	61.91	3.20342
399	62.35	3.14762
400	5.31	1.61676
401	5.79	1.73375
402	6.25	1.60234
403	6.83	1.69738
404	7.5	1.67033
405	8.25	1.71683
406	8.79	1.76802
407	9.48	1.72905
408	10.16	1.88531
409	10.63	1.95272
410	11.39	1.88093
411	12.13	1.86898
412	12.89	1.87561
413	13.4	1.90788
414	14.24	2.05485
415	14.89	2.04399
416	15.45	2.05609
417	16.22	1.99289
418	16.91	1.99547
419	17.72	2.05465
420	18.31	2.0818
421	18.86	2.02988
422	19.56	2.09437
423	20.35	2.07545
424	21.19	2.20316
425	21.72	2.2807
426	22.36	2.23392
427	22.98	2.31076
428	23.82	2.21982
429	24.73	2.20842
430	25.19	2.11516
431	25.88	2.25513
432	26.46	2.2953
433	27.2	2.35797
434	27.79	2.45069
435	28.42	2.35873
436	29.09	2.44579
437	29.73	2.30154
438	30.36	2.46787
439	31.01	2.4799
440	31.69	2.39456
441	32.26	2.41089
442	32.94	2.48121
443	33.58	2.18257
444	34.15	2.40572
445	34.69	2.48473
446	35.35	2.39322
447	35.89	2.46939
448	36.42	2.56975
449	37	2.48596
450	37.59	2.3626
451	38.22	2.50432
452	38.81	2.44824
453	39.44	2.46706
454	40.09	2.42114
455	40.5	2.54362
456	41.17	2.47812
457	41.81	2.52862
458	42.37	2.52846
459	42.91	2.53415
460	43.28	2.55374
461	43.9	2.49199
462	44.56	2.57029
463	45.15	2.53525
464	45.68	2.52935
465	46.15	2.63581
466	46.79	2.58958
467	47.26	2.55977
468	47.79	2.66194
469	48.38	2.6487
470	48.98	2.75311
471	49.53	2.7293
472	50	2.8
473	50.46	2.80863
474	51	2.8
475	51.47	2.91017
476	51.93	3.0537
477	52.45	3.08342
478	52.91	3.09869
479	53.43	3.01083
480	53.97	2.93413
481	54.34	2.89903
482	54.81	3.04531
483	55.27	2.90811
484	55.68	2.92875
485	56.12	2.93353
486	56.63	2.96869
487	57.13	2.95518
488	57.62	2.96574
489	58.12	3.09283
490	58.58	3.02384
491	58.99	3.03808
492	59.38	2.99927
493	59.83	3.06612
494	60.3	3.17333
495	60.68	3.25232
496	61.02	3.19368
497	61.48	3.18898
498	61.83	3.23745
499	62.25	3.17923
500	5.17	1.40039
501	5.6	1.42829
502	6.14	1.34922
503	6.69	1.34681
504	7.29	1.34384
505	7.93	1.41602
506	8.49	1.45255
507	9.05	1.36657
508	9.74	1.48068
509	10.59	1.69762
510	11.36	1.68238
511	11.96	1.7431
512	12.69	1.7245
513	13.5	1.65831
514	14.18	1.74574
515	14.75	1.75713
516	15.49	1.72913
517	16.11	1.75439
518	16.86	1.8167
519	17.5	1.88414
520	18.19	1.89048
521	18.95	1.82962
522	19.7	1.74642
523	20.27	1.74273
524	21.05	1.83507
525	21.77	2.00427
526	22.49	2.0518
527	23.24	2.14532
528	23.94	2.02889
529	24.61	1.99447
530	25.34	2.02099
531	25.91	2.05473
532	26.59	2.11232
533	27.48	2.21124
534	28.21	2.28164
535	28.88	2.14607
536	29.52	2.25601
537	30.16	2.27912
538	30.86	2.2227
539	31.61	2.17667
540	32.16	2.23482
541	32.75	2.3254
542	33.37	2.37762
543	34.06	2.35296
544	34.83	2.39606
545	35.37	2.40273
546	35.86	2.44549
547	36.35	2.41816
548	37.08	2.30512
549	37.76	2.40466
550	38.3	2.26495
551	38.84	2.37369
552	39.38	2.4157
553	40.05	2.45917
554	40.6	2.50599
555	41.09	2.51434
556	41.67	2.52212
557	42.31	2.44416
558	42.82	2.51944
559	43.34	2.49086
560	43.98	2.44941
561	44.54	2.58232
562	45.13	2.46437
563	45.57	2.49902
564	46.16	2.41131
565	46.62	2.48508
566	47.1	2.51992
567	47.65	2.57439
568	48.21	2.48312
569	48.64	2.51603
570	49.17	2.55364
571	49.72	2.50232
572	50.2	2.51396
573	50.64	2.51205
574	51.12	2.62023
575	51.72	2.58874
576	52.2	2.498
577	52.52	2.66263
578	52.96	2.61885
579	53.58	2.71728
580	53.97	2.61325
581	54.45	2.66224
582	54.95	2.6884
583	55.26	2.68559
584	55.66	2.6428
585	56.1	2.5632
586	56.54	2.68485
587	57.04	2.67552
588	57.56	2.66953
589	57.99	2.65516
590	58.34	2.70267
591	58.67	2.76425
592	59.13	2.82367
593	59.58	2.81844
594	60	2.81069
595	60.42	2.82199
596	60.85	2.69212
597	61.27	2.78875
598	61.66	2.83274
599	62.04	2.84577
600	5.13	1.47414
601	5.61	1.49596
602	6.17	1.43565
603	6.69	1.42615
604	7.24	1.56282
605	7.91	1.53685
606	8.61	1.63031
607	9.26	1.71243
608	9.88	1.71044
609	10.56	1.65723
610	11.22	1.62222
611	11.91	1.76122
612	12.55	1.76281
613	13.29	1.81271
614	14.04	1.83804
615	14.72	1.87659
616	15.51	1.93647
617	16.09	1.91883
618	16.7	1.87883
619	17.39	1.96415
620	18.08	2.06727
621	18.75	2.0168
622	19.58	2.01584
623	20.38	1.8643
624	20.94	2.0041
625	21.57	2.02116
626	22.14	1.96987
627	22.86	2.19098
628	23.43	2.09883
629	24.3	2.20681
630	24.95	2.2017
631	25.8	2.38328
632	26.42	2.25911
633	26.98	2.20898
634	27.71	2.20588
635	28.41	2.18218
636	29.14	2.24062
637	29.72	2.24089
638	30.39	2.2711
639	31.07	2.15525
640	31.68	2.24446
641	32.39	2.24898
642	32.91	2.31989
643	33.59	2.28515
644	34.24	2.26769
645	34.84	2.25264
646	35.55	2.36802
647	36.15	2.38065
648	36.69	2.49678
649	37.36	2.45161
650	37.91	2.35412
651	38.45	2.35531
652	39.19	2.52862
653	39.8	2.502
654	40.45	2.52735
655	40.92	2.37773
656	41.53	2.45135
657	42.18	2.31249
658	42.72	2.39616
659	43.33	2.40855
660	43.79	2.43021
661	44.36	2.34742
662	44.88	2.46284
663	45.49	2.55145
664	46.1	2.67769
665	46.56	2.65074
666	47.03	2.57082
667	47.67	2.36244
668	48.24	2.48644
669	48.64	2.51205
670	49.17	2.55756
671	49.73	2.63004
672	50.29	2.5585
673	50.83	2.64596
674	51.22	2.67051
675	51.78	2.62137
676	52.23	2.64898
677	52.74	2.54016
678	53.21	2.57796
679	53.75	2.73998
680	54.27	2.7271
681	54.73	2.76715
682	55.2	2.8
683	55.73	2.74173
684	56.18	2.74729
685	56.73	2.75991
686	57.24	2.79686
687	57.61	2.8562
688	57.94	2.80649
689	58.41	2.8534
690	58.85	2.85088
691	59.28	2.77878
692	59.73	2.7271
693	60.09	2.74989
694	60.54	2.84049
695	60.94	2.8942
696	61.35	2.92361
697	61.79	2.81885
698	62.23	2.77797
699	62.74	2.84823
700	5.23	1.37735
701	5.75	1.40268
702	6.24	1.52394
703	6.81	1.53424
704	7.47	1.66406
705	8.14	1.60012
706	8.71	1.5511
707	9.39	1.59934
708	10.03	1.60284
709	10.72	1.63756
710	11.27	1.59283
711	12.05	1.64545
712	12.67	1.63741
713	13.35	1.65756
714	14.02	1.6612
715	14.84	1.70716
716	15.53	1.7289
717	16.26	1.72406
718	16.92	1.7302
719	17.64	1.83041
720	18.32	1.91771
721	18.9	1.9975
722	19.57	2.07487
723	20.39	2.03909
724	21.02	2.04441
725	21.7	2.02731
726	22.39	2.02433
727	23.13	2.05258
728	23.89	2.05375
729	24.57	2.07005
730	25.17	2.20479
731	25.95	2.2243
732	26.61	2.36599
733	27.19	2.36514
734	27.9	2.47588
735	28.52	2.39366
736	29.12	2.3464
737	29.85	2.43465
738	30.47	2.36835
739	30.95	2.35106
740	31.79	2.40123
741	32.43	2.48699
742	32.91	2.4376
743	33.6	2.32379
744	34.32	2.44491
745	34.94	2.3909
746	35.57	2.58169
747	36.24	2.74998
748	36.83	2.75338
749	37.47	2.71461
750	38.03	2.7909
751	38.5	2.71846
752	39.14	2.73503
753	39.71	2.72505
754	40.41	2.81103
755	41.08	2.88333
756	41.63	2.79877
757	42.04	2.64167
758	42.59	2.77523
759	43.23	2.85256
760	43.89	2.8597
761	44.52	2.84774
762	45.03	2.82296
763	45.53	2.7909
764	46.07	2.73589
765	46.66	2.87826
766	47.23	2.86306
767	47.72	2.81098
768	48.28	2.76434
769	48.94	2.91486
770	49.45	2.92703
771	49.9	2.82312
772	50.37	2.94162
773	50.88	2.96068
774	51.46	2.98469
775	51.92	2.99893
776	52.38	3.00925
777	52.92	2.94849
778	53.27	2.99284
779	53.77	2.99618
780	54.13	3.03531
781	54.69	3.04859
782	55.14	3.21565
783	55.64	3.24197
784	56.17	3.1466
785	56.67	3.22817
786	57.17	3.29865
787	57.53	3.25102
788	57.94	3.17748
789	58.43	3.2504
790	59	3.34664
791	59.42	3.36803
792	59.85	3.43911
793	60.29	3.44469
794	60.64	3.42205
795	60.99	3.37193
796	61.45	3.25077
797	61.95	3.33879
798	62.38	3.38461
799	62.84	3.35476
800	5.11	1.48253
801	5.6	1.59374
802	6.09	1.44979
803	6.63	1.48765
804	7.24	1.44305
805	7.83	1.61279
806	8.39	1.60558
807	9.2	1.53623
808	9.92	1.55358
809	10.61	1.56138
810	11.32	1.65457
811	11.92	1.51446
812	12.57	1.53137
813	13.3	1.68226
814	13.93	1.60782
815	14.66	1.65662
816	15.53	1.86791
817	16.16	1.96835
818	16.99	2.00746
819	17.5	1.91572
820	18.27	1.96395
821	18.8	1.99499
822	19.53	2.0172
823	20.23	2.14408
824	20.91	2.22753
825	21.63	2.17557
826	22.38	2.13907
827	23.09	2.31989
828	23.8	2.28473
829	24.45	2.2198
830	25.11	2.17207
831	25.7	2.11896
832	26.35	2.33827
833	26.97	2.35989
834	27.78	2.36888
835	28.38	2.24847
836	29.03	2.32575
837	29.56	2.32946
838	30.25	2.48747
839	31	2.52587
840	31.71	2.50717
841	32.46	2.63219
842	33.07	2.7722
843	33.67	2.74611
844	34.19	2.71917
845	34.8	2.63059
846	35.53	2.62471
847	36.1	2.75862
848	36.72	2.64605
849	37.36	2.66278
850	38.02	2.82482
851	38.57	2.86794
852	39.13	2.85186
853	39.69	2.79176
854	40.47	2.90329
855	41.01	2.83018
856	41.61	2.74188
857	42.06	2.66015
858	42.71	2.5624
859	43.31	2.618
860	43.86	2.64583
861	44.61	2.74552
862	45.15	2.81913
863	45.72	2.83577
864	46.13	2.82012
865	46.65	2.81203
866	47.22	2.74802
867	47.97	2.74027
868	48.4	2.72397
869	49.01	2.66644
870	49.39	2.74188
871	49.88	2.69919
872	50.35	2.64339
873	50.88	2.72132
874	51.37	2.67826
875	52.01	2.83371
876	52.37	2.78085
877	52.92	2.81666
878	53.41	2.73165
879	53.96	2.70895
880	54.36	2.7478
881	54.89	2.69405
882	55.24	2.72808
883	55.72	2.76434
884	56.2	2.74591
885	56.63	2.682
886	57.18	2.65096
887	57.6	2.71293
888	58.07	2.65426
889	58.51	2.66644
890	58.9	2.6096
891	59.29	2.70294
892	59.85	2.73267
893	60.23	2.85956
894	60.65	2.80134
895	61.11	2.79605
896	61.47	2.78013
897	61.97	2.7909
898	62.36	2.75507
899	62.81	2.73384
900	4.84	1.38362
901	5.29	1.35864
902	5.98	1.24081
903	6.49	1.30763
904	7.07	1.32857
905	7.63	1.36861
906	8.37	1.45365
907	8.96	1.48943
908	9.64	1.55897
909	10.35	1.54515
910	11.06	1.50877
911	11.92	1.598
912	12.58	1.704
913	13.31	1.73606
914	13.83	1.76666
915	14.61	1.69053
916	15.39	1.69644
917	15.95	1.80208
918	16.74	1.79232
919	17.36	1.79733
920	18.3	1.91572
921	18.91	1.9344
922	19.7	1.81384
923	20.3	1.9
924	20.98	1.80544
925	21.67	1.75531
926	22.32	1.85408
927	23.05	1.80762
928	23.84	1.88531
929	24.46	1.8784
930	25.12	1.8291
931	25.88	2.04098
932	26.61	2.04399
933	27.28	2.24089
934	27.96	2.26239
935	28.61	2.25342
936	29.27	2.21745
937	29.87	2.3309
938	30.53	2.12346
939	31.16	2.18504
940	31.85	2.17888
941	32.46	2.29094
942	33.1	2.25167
943	33.72	2.30252
944	34.27	2.4489
945	34.8	2.4
946	35.45	2.35106
947	36.15	2.54706
948	36.79	2.59343
949	37.38	2.56429
950	37.91	2.54988
951	38.48	2.44737
952	38.98	2.56117
953	39.58	2.58913
954	40.06	2.54094
955	40.82	2.65096
956	41.29	2.60881
957	41.84	2.57961
958	42.27	2.66779
959	42.93	2.511
960	43.38	2.46893
961	43.98	2.58062
962	44.42	2.63507
963	45.09	2.58494
964	45.55	2.57827
965	45.98	2.54157
966	46.61	2.58029
967	47.17	2.61937
968	47.7	2.69258
969	48.25	2.74363
970	48.68	2.72353
971	49.28	2.6536
972	49.81	2.62562
973	50.24	2.65375
974	50.94	2.66391
975	51.38	2.61832
976	51.85	2.78702
977	52.28	2.72793
978	52.8	2.7313
979	53.21	2.80105
980	53.91	2.82168
981	54.34	2.70636
982	54.78	2.67051
983	55.18	2.67724
984	55.61	2.68289
985	56.06	2.71595
986	56.5	2.68514
987	56.98	2.64189
988	57.42	2.66526
989	57.99	2.83371
990	58.39	2.73092
991	58.82	2.71065
992	59.2	2.69444
993	59.61	2.57641
994	60.04	2.56484
995	60.61	2.60344
996	61.05	2.73998
997	61.6	2.72764
998	61.95	2.73633
999	62.38	2.79564
1000	5.09	1.4078
1001	5.55	1.38112
1002	6.01	1.37474
1003	6.58	1.50453
1004	7.33	1.49034
1005	7.88	1.53154
1006	8.42	1.59487
1007	9.02	1.63083
1008	9.64	1.66445
1009	10.38	1.78762
1010	11.02	1.90252
1011	11.84	1.91165
1012	12.53	1.85178
1013	13.09	1.84442
1014	13.75	1.87816
1015	14.34	1.95049
1016	15.05	2.0267
1017	15.78	1.98283
1018	16.5	2.18403
1019	17.3	2.22486
1020	17.94	2.2173
1021	18.66	2.201
1022	19.24	2.20055
1023	19.99	2.10948
1024	20.74	2.17081
1025	21.41	2.26758
1026	22.24	2.42949
1027	22.93	2.23721
1028	23.76	2.24107
1029	24.35	2.26881
1030	25.04	2.48966
1031	25.68	2.4285
1032	26.53	2.42262
1033	27.13	2.48457
1034	27.75	2.51942
1035	28.5	2.57876
1036	29.29	2.5585
1037	29.95	2.65471
1038	30.46	2.64734
1039	31.06	2.56835
1040	31.73	2.66028
1041	32.34	2.75035
1042	32.99	2.88269
1043	33.61	2.8597
1044	34.32	2.89441
1045	35.03	2.89294
1046	35.57	2.88532
1047	36.07	2.97071
1048	36.68	3.10445
1049	37.22	2.90716
1050	37.89	2.96275
1051	38.36	2.87235
1052	39.14	2.88451
1053	39.7	2.8931
1054	40.26	2.98536
1055	40.86	3.16234
1056	41.72	3.14986
1057	42.11	3.05907
1058	42.56	3.00772
1059	43.15	3.21364
1060	43.87	3.24239
1061	44.33	3.29562
1062	44.91	3.20342
1063	45.47	3.11594
1064	46.08	3.13267
1065	46.66	3.02728
1066	47.2	3.02655
1067	47.62	3.12019
1068	48.24	3.09877
1069	48.78	3.17987
1070	49.25	3.23226
1071	49.86	3.17181
1072	50.26	3.18314
1073	50.83	3.06612
1074	51.46	3.16676
1075	51.86	3.13375
1076	52.34	3.11198
1077	52.99	3.03478
1078	53.38	3.09768
1079	53.89	3.28602
1080	54.36	3.15125
1081	54.83	3.20642
1082	55.25	3.25077
1083	55.71	3.29027
1084	56.14	3.23425
1085	56.59	3.2252
1086	57.13	3.29744
1087	57.59	3.28358
1088	58.02	3.31355
1089	58.46	3.28457
1090	58.92	3.30357
1091	59.31	3.42256
1092	59.79	3.45049
1093	60.07	3.40075
1094	60.65	3.32679
1095	61.13	3.35456
1096	61.51	3.36599
1097	61.86	3.37941
1098	62.21	3.42139
1099	62.77	3.24609
1100	5.11	1.48253
1101	5.68	1.43443
1102	6.19	1.48118
1103	6.66	1.47119
1104	7.19	1.52115
1105	7.72	1.54324
1106	8.37	1.57896
1107	8.99	1.6643
1108	9.66	1.65662
1109	10.31	1.57921
1110	11.13	1.67126
1111	11.8	1.62481
1112	12.43	1.76213
1113	13.13	1.71263
1114	13.89	1.65466
1115	14.59	1.7326
1116	15.28	1.80044
1117	15.95	1.88878
1118	16.67	1.93419
1119	17.33	1.92382
1120	17.96	1.81064
1121	18.77	1.93832
1122	19.41	1.97025
1123	20.16	1.93763
1124	20.79	1.86706
1125	21.44	1.95612
1126	22.24	1.9551
1127	22.81	2.02828
1128	23.54	2.07085
1129	24.25	1.98179
1130	24.87	1.97309
1131	25.72	2.09323
1132	26.36	2.13317
1133	27.11	2.06347
1134	27.71	2.27286
1135	28.51	2.39789
1136	29.14	2.49808
1137	29.75	2.43875
1138	30.38	2.48105
1139	31.09	2.48634
1140	31.74	2.56757
1141	32.45	2.57827
1142	33.07	2.67303
1143	33.77	2.66779
1144	34.28	2.69474
1145	34.91	2.67617
1146	35.54	2.63977
1147	36.2	2.5923
1148	36.87	2.68572
1149	37.42	2.71728
1150	38.02	2.87743
1151	38.65	2.91676
1152	39.05	2.84385
1153	39.72	2.83577
1154	40.13	2.85186
1155	40.74	2.86224
1156	41.38	2.89752
1157	41.95	2.84033
1158	42.35	2.72167
1159	42.95	2.91676
1160	43.56	2.94727
1161	44.19	2.98562
1162	44.65	3.05737
1163	45.19	2.95193
1164	45.58	2.93319
1165	46.14	2.96655
1166	46.69	3.10707
1167	47.29	3.04071
1168	47.75	3.1221
1169	48.26	3.10683
1170	48.77	3.15232
1171	49.32	3.10123
1172	49.83	2.99685
1173	50.42	3.02384
1174	50.89	3.07537
1175	51.37	3.14215
1176	51.92	3.12628
1177	52.33	3.11466
1178	52.97	3.24794
1179	53.51	3.18903
1180	53.98	3.14318
1181	54.37	3.06808
1182	54.89	3.10772
1183	55.36	3.13216
1184	55.76	3.11166
1185	56.34	3.13758
1186	56.84	3.16771
1187	57.19	3.07147
1188	57.57	3.09598
1189	58.02	3.04296
1190	58.44	3.08649
1191	58.99	3.07732
1192	59.34	3.01071
1193	59.75	3.11889
1194	60.17	3.05959
1195	60.6	3.09192
1196	61.12	2.99426
1197	61.45	3.02448
1198	61.87	3.04518
1199	62.24	2.97362
1200	5.02	1.34149
1201	5.47	1.30733
1202	6.08	1.44
1203	6.64	1.43889
1204	7.27	1.45503
1205	7.9	1.42478
1206	8.55	1.40268
1207	9.15	1.49248
1208	9.82	1.63939
1209	10.41	1.67389
1210	11.13	1.7757
1211	11.76	1.68594
1212	12.49	1.72334
1213	13.24	1.66205
1214	13.91	1.78939
1215	14.65	1.86748
1216	15.37	1.77006
1217	16.06	1.71359
1218	16.76	1.7951
1219	17.32	1.78258
1220	18.03	1.7914
1221	18.8	1.83303
1222	19.43	1.82349
1223	20.13	1.97309
1224	20.87	1.96293
1225	21.44	2.16942
1226	22.18	2.10419
1227	22.83	1.97512
1228	23.62	2.04832
1229	24.22	2.1844
1230	24.92	2.19399
1231	25.56	2.28613
1232	26.29	2.3719
1233	26.86	2.45772
1234	27.82	2.39742
1235	28.52	2.4758
1236	29.11	2.52149
1237	29.73	2.42839
1238	30.28	2.47823
1239	30.96	2.41628
1240	31.63	2.3692
1241	32.22	2.52816
1242	32.7	2.53574
1243	33.47	2.55129
1244	34.18	2.71433
1245	34.97	2.74756
1246	35.68	2.70511
1247	36.19	2.90412
1248	36.83	2.91223
1249	37.37	2.88324
1250	38.04	2.898
1251	38.57	3.03728
1252	39.19	3.12952
1253	39.77	3.05567
1254	40.42	2.96034
1255	40.93	2.95721
1256	41.48	2.95797
1257	42.15	2.96437
1258	42.73	2.90467
1259	43.18	2.98456
1260	43.66	2.90248
1261	44.26	2.9954
1262	44.83	3.01017
1263	45.49	2.96478
1264	46.12	3.01423
1265	46.6	3.14325
1266	47.11	3.09482
1267	47.71	3.141
1268	48.25	3.08666
1269	48.7	3.16386
1270	49.24	3.19412
1271	49.76	3.14045
1272	50.18	3.12532
1273	50.65	3.14126
1274	51.2	3.11769
1275	51.63	3.15802
1276	52.11	3.23696
1277	52.68	3.14605
1278	53.16	3.15823
1279	53.62	3.15525
1280	54.05	3.19492
1281	54.61	3.12376
1282	55.09	3.1212
1283	55.6	3.11448
1284	56.09	3.14355
1285	56.49	3.14482
1286	56.83	3.21265
1287	57.34	3.23487
1288	57.81	3.28541
1289	58.3	3.28786
1290	58.71	3.22892
1291	59.2	3.25269
1292	59.62	3.29478
1293	60.04	3.22775
1294	60.46	3.21067
1295	60.81	3.16131
1296	61.29	3.14736
1297	61.65	3.07368
1298	62.07	3.07329
1299	62.43	3.05043
1300	5.2	1.54272
1301	5.76	1.57556
1302	6.16	1.57302
1303	6.77	1.59909
1304	7.27	1.62392
1305	7.96	1.58063
1306	8.59	1.62539
1307	9.23	1.66045
1308	9.83	1.66766
1309	10.5	1.65227
1310	11.14	1.61258
1311	11.89	1.67269
1312	12.61	1.69053
1313	13.27	1.79363
1314	13.97	1.71146
1315	14.61	1.74869
1316	15.46	1.83532
1317	16.16	1.76477
1318	16.94	1.64207
1319	17.65	1.59609
1320	18.34	1.77325
1321	18.86	1.66145
1322	19.62	1.7764
1323	20.29	1.93026
1324	20.97	2.03202
1325	21.78	1.99289
1326	22.52	2.10941
1327	23.1	2.05183
1328	23.82	2.06582
1329	24.5	1.94679
1330	25.18	2.11367
1331	25.93	2.19661
1332	26.57	2.19205
1333	27.2	2.22261
1334	27.88	2.28596
1335	28.67	2.32833
1336	29.26	2.26548
1337	29.96	2.17219
1338	30.5	2.32594
1339	31.1	2.30868
1340	31.7	2.33024
1341	32.27	2.48135
1342	33.01	2.33021
1343	33.62	2.26619
1344	34.3	2.27376
1345	34.88	2.32069
1346	35.51	2.39372
1347	36.06	2.41586
1348	36.74	2.48443
1349	37.35	2.4551
1350	37.83	2.58478
1351	38.37	2.67079
1352	39.05	2.54313
1353	39.47	2.55521
1354	40.12	2.60492
1355	40.79	2.73604
1356	41.34	2.66541
1357	41.98	2.72389
1358	42.49	2.62486
1359	43.1	2.7074
1360	43.73	2.64142
1361	44.24	2.70969
1362	44.71	2.73604
1363	45.24	2.70599
1364	45.88	2.65435
1365	46.48	2.72573
1366	46.88	2.7759
1367	47.54	2.75833
1368	48.11	2.83159
1369	48.48	2.83365
1370	49.06	2.79936
1371	49.58	2.83965
1372	50.14	2.86014
1373	50.72	2.82871
1374	51.26	2.87618
1375	51.66	2.76847
1376	52.17	2.89501
1377	52.64	2.88278
1378	53.06	2.81361
1379	53.53	2.81587
1380	54.12	2.72866
1381	54.47	2.81587
1382	55.07	2.86445
1383	55.45	2.83328
1384	55.99	2.94447
1385	56.38	2.82411
1386	56.92	2.78453
1387	57.37	2.86585
1388	57.8	2.86007
1389	58.26	2.91417
1390	58.64	2.9984
1391	59.14	2.90524
1392	59.51	2.90687
1393	60.03	2.97474
1394	60.44	2.95066
1395	60.86	2.89489
1396	61.36	2.92752
1397	61.76	2.90902
1398	62.17	2.83215
1399	62.57	2.83991
1400	5.11	1.44841
1401	5.5	1.41774
1402	6.06	1.5609
1403	6.69	1.57286
1404	7.3	1.50665
1405	7.92	1.54065
1406	8.49	1.51324
1407	9.2	1.56205
1408	9.79	1.53163
1409	10.48	1.49987
1410	11.16	1.60449
1411	11.91	1.53033
1412	12.57	1.54438
1413	13.32	1.56767
1414	14.12	1.68689
1415	14.68	1.75431
1416	15.55	1.78536
1417	16.19	1.78715
1418	16.94	1.88053
1419	17.57	1.87219
1420	18.19	2.02334
1421	18.91	2.02037
1422	19.78	2.04245
1423	20.43	2.08928
1424	21.12	2.07499
1425	21.85	2.15581
1426	22.36	2.12847
1427	23.13	2.14781
1428	23.93	2.10834
1429	24.57	1.96089
1430	25.29	2.09425
1431	25.97	2.19297
1432	26.65	2.18346
1433	27.24	2.28088
1434	27.94	2.33161
1435	28.72	2.44164
1436	29.36	2.34742
1437	30.06	2.52515
1438	30.75	2.42229
1439	31.32	2.48145
1440	31.91	2.42114
1441	32.57	2.40522
1442	33.12	2.43014
1443	33.93	2.35905
1444	34.57	2.48699
1445	35.15	2.53919
1446	35.64	2.61733
1447	36.34	2.55429
1448	37.17	2.4902
1449	37.69	2.54439
1450	38.22	2.47621
1451	38.79	2.52307
1452	39.39	2.58416
1453	40.04	2.61503
1454	40.61	2.63019
1455	41.07	2.55443
1456	41.69	2.56396
1457	42.09	2.54988
1458	42.65	2.5976
1459	43.33	2.61937
1460	43.94	2.59931
1461	44.53	2.81231
1462	45.01	2.79104
1463	45.57	2.87838
1464	46.11	2.84919
1465	46.58	2.79707
1466	47.21	2.87505
1467	47.79	2.93699
1468	48.28	3.04657
1469	48.91	3.04662
1470	49.38	3.06848
1471	49.9	3.04138
1472	50.41	3.05318
1473	50.85	3.01455
1474	51.43	3.03069
1475	51.91	3.00365
1476	52.38	2.96574
1477	52.92	2.9956
1478	53.3	2.98161
1479	53.9	3.00167
1480	54.36	3.04473
1481	54.8	3.08545
1482	55.23	3.15549
1483	55.75	3.23535
1484	56.3	3.20156
1485	56.8	3.1273
1486	57.25	3.25077
1487	57.59	3.2283
1488	57.98	3.27713
1489	58.45	3.17293
1490	58.96	3.28
1491	59.4	3.25269
1492	59.82	3.17295
1493	60.18	3.04756
1494	60.58	3.05018
1495	60.96	3.05261
1496	61.34	3.07968
1497	61.75	3.11247
1498	62.14	3.12096
1499	62.55	3.02118
1500	5.1	1.36748
1501	5.57	1.35096
1502	6.19	1.53424
1503	6.7	1.50665
1504	7.24	1.42913
1505	7.97	1.35244
1506	8.6	1.48997
1507	9.23	1.44814
1508	9.84	1.64146
1509	10.62	1.58606
1510	11.34	1.58253
1511	12.01	1.58427
1512	12.53	1.59031
1513	13.38	1.73078
1514	14.06	1.78785
1515	14.72	1.76114
1516	15.56	1.66325
1517	16.1	1.63401
1518	16.86	1.6794
1519	17.61	1.75439
1520	18.53	1.84637
1521	19.14	1.73793
1522	19.78	1.81428
1523	20.56	1.83478
1524	21.21	1.85092
1525	21.92	1.80377
1526	22.53	1.86791
1527	23.27	1.75986
1528	23.8	1.84391
1529	24.42	1.8503
1530	25.26	2.02791
1531	25.92	2.05271
1532	26.56	2.10865
1533	27.26	2.15694
1534	27.89	2.12554
1535	28.67	2.12158
1536	29.22	2.19809
1537	29.92	2.16647
1538	30.61	2.14427
1539	31.21	2.20588
1540	31.82	2.15583
1541	32.45	2.18346
1542	33.09	2.34987
1543	33.72	2.37099
1544	34.32	2.39533
1545	34.93	2.38434
1546	35.49	2.38535
1547	36.13	2.53241
1548	36.79	2.43021
1549	37.34	2.45854
1550	37.96	2.46544
1551	38.59	2.50238
1552	39.16	2.38629
1553	39.8	2.42074
1554	40.37	2.41932
1555	40.88	2.37183
1556	41.47	2.45135
1557	42.04	2.56484
1558	42.62	2.50112
1559	43.11	2.44088
1560	43.76	2.50248
1561	44.18	2.48347
1562	44.75	2.57827
1563	45.26	2.59083
1564	45.97	2.56692
1565	46.47	2.51179
1566	47	2.45357
1567	47.59	2.54596
1568	47.99	2.51195
1569	48.53	2.53162
1570	49.01	2.62105
1571	49.68	2.82446
1572	50.16	2.70451
1573	50.62	2.69733
1574	51.16	2.70821
1575	51.66	2.88867
1576	52.21	2.75062
1577	52.67	2.8002
1578	53.08	2.77013
1579	53.55	2.85438
1580	54.12	2.96068
1581	54.56	3.01105
1582	54.97	2.96464
1583	55.43	3.03069
1584	55.81	3.00897
1585	56.39	3.00963
1586	56.78	3.05804
1587	57.21	2.95396
1588	57.54	3.02132
1589	57.96	2.98972
1590	58.35	3.03768
1591	58.86	3.04637
1592	59.32	2.99292
1593	59.8	2.9189
1594	60.29	3.01096
1595	60.61	2.95261
1596	61.04	3.04605
1597	61.42	3.0763
1598	61.8	3.07246
1599	62.17	3.04977
1600	5.18	1.40982
1601	5.58	1.38694
1602	6.16	1.4193
1603	6.88	1.60175
1604	7.41	1.5754
1605	7.98	1.63083
1606	8.65	1.76281
1607	9.24	1.60698
1608	9.88	1.65699
1609	10.45	1.63325
1610	11.31	1.65345
1611	11.96	1.73735
1612	12.65	1.79652
1613	13.21	1.80164
1614	14.01	1.9519
1615	14.65	1.93585
1616	15.42	1.77865
1617	16.02	1.78874
1618	16.85	1.89407
1619	17.57	1.79586
1620	18.2	1.80555
1621	18.84	1.7534
1622	19.55	1.87283
1623	20.31	1.89048
1624	20.95	1.89934
1625	21.75	1.95128
1626	22.37	1.92174
1627	23.16	2.03823
1628	23.66	1.99108
1629	24.37	2.0768
1630	24.99	2.11421
1631	25.64	2.14252
1632	26.32	2.05854
1633	27.16	2.0529
1634	27.76	2.27649
1635	28.36	2.38964
1636	29.18	2.43467
1637	29.8	2.3622
1638	30.42	2.42973
1639	31.19	2.37779
1640	31.62	2.33572
1641	32.23	2.36159
1642	32.89	2.35752
1643	33.54	2.41006
1644	34.34	2.4626
1645	34.9	2.49199
1646	35.49	2.54753
1647	36.07	2.54659
1648	36.6	2.54165
1649	37.27	2.55286
1650	37.77	2.59174
1651	38.6	2.70185
1652	39.17	2.65351
1653	39.8	2.67582
1654	40.48	2.67013
1655	41.04	2.76014
1656	41.71	2.66194
1657	42.19	2.77018
1658	42.78	2.81276
1659	43.4	2.71662
1660	44.02	2.77842
1661	44.44	2.80114
1662	45.05	2.73267
1663	45.6	2.80357
1664	46.11	2.88754
1665	46.66	2.93333
1666	47.16	2.96891
1667	47.7	2.98161
1668	48.21	3.11543
1669	48.63	3.13578
1670	49.25	3.13488
1671	49.83	3.06938
1672	50.41	3.00698
1673	50.98	3.02648
1674	51.42	3.03704
1675	51.89	2.96275
1676	52.42	3.09897
1677	52.87	3.09404
1678	53.36	3.04473
1679	53.87	3.01879
1680	54.42	3.08279
1681	54.87	3.01216
1682	55.34	3.06013
1683	55.84	2.89386
1684	56.27	2.91498
1685	56.66	3.03388
1686	57.02	2.96304
1687	57.52	3.0446
1688	58.01	3.01495
1689	58.45	3.0996
1690	58.86	3.01005
1691	59.35	3.10604
1692	59.72	3.10187
1693	60.23	2.87699
1694	60.62	2.77049
1695	61	2.82843
1696	61.41	2.81814
1697	61.86	2.88798
1698	62.27	2.8874
1699	62.56	2.85419
1700	4.98	1.35632
1701	5.44	1.32906
1702	5.99	1.39639
1703	6.6	1.52315
1704	7.22	1.52696
1705	7.87	1.5143
1706	8.47	1.4997
1707	9.08	1.55358
1708	9.74	1.55962
1709	10.46	1.54544
1710	11.1	1.55885
1711	11.9	1.76352
1712	12.74	1.78112
1713	13.22	1.64669
1714	13.86	1.70306
1715	14.44	1.70482
1716	15.23	1.73698
1717	16.02	1.72035
1718	16.7	1.79722
1719	17.39	1.82699
1720	18.24	1.80067
1721	18.86	1.84402
1722	19.58	1.6863
1723	20.31	1.81491
1724	21.01	1.79719
1725	21.67	1.89238
1726	22.31	1.80386
1727	23.05	1.80208
1728	23.76	1.85537
1729	24.45	1.98179
1730	25.19	2.0479
1731	25.77	1.92798
1732	26.54	1.9971
1733	27.05	2.08986
1734	27.88	1.97119
1735	28.63	2.00826
1736	29.28	2.18211
1737	29.91	2.02037
1738	30.44	2.07519
1739	31.1	2.12368
1740	31.68	2.13016
1741	32.34	2.11764
1742	32.95	2.04145
1743	33.68	2.11603
1744	34.21	2.24185
1745	34.84	2.22135
1746	35.41	2.3242
1747	36.07	2.29022
1748	36.53	2.36413
1749	37.16	2.37369
1750	37.87	2.31799
1751	38.48	2.33444
1752	38.96	2.36186
1753	39.69	2.48071
1754	40.35	2.47942
1755	40.87	2.45216
1756	41.34	2.40508
1757	42.01	2.47182
1758	42.51	2.43103
1759	43.12	2.60108
1760	43.63	2.61784
1761	44.21	2.57408
1762	44.77	2.63004
1763	45.39	2.5996
1764	46	2.68328
1765	46.43	2.65803
1766	46.96	2.74561
1767	47.58	2.71728
1768	48.03	2.71829
1769	48.61	2.67168
1770	49.03	2.69242
1771	49.38	2.68991
1772	49.91	2.69108
1773	50.48	2.78381
1774	50.9	2.81247
1775	51.45	2.69212
1776	51.95	2.77624
1777	52.44	2.82248
1778	52.92	2.83083
1779	53.41	2.81103
1780	53.85	2.75091
1781	54.36	2.79829
1782	54.81	2.79176
1783	55.25	2.74363
1784	55.86	2.80364
1785	56.24	2.77532
1786	56.64	2.84084
1787	57.08	2.79528
1788	57.6	2.66833
1789	58.01	2.74042
1790	58.41	2.63475
1791	58.91	2.69108
1792	59.36	2.78395
1793	59.83	2.82862
1794	60.32	2.77085
1795	60.71	2.65064
1796	61.07	2.62395
1797	61.48	2.63241
1798	61.85	2.58602
1799	62.22	2.68916
1800	5.26	1.61009
1801	5.79	1.57032
1802	6.21	1.5511
1803	6.85	1.56445
1804	7.29	1.49863
1805	7.98	1.61233
1806	8.75	1.74571
1807	9.31	1.71869
1808	10.11	1.78827
1809	10.74	1.89008
1810	11.41	2.03517
1811	11.99	2.03713
1812	12.74	2.1148
1813	13.48	2.18852
1814	14.16	2.13878
1815	14.73	2.04868
1816	15.42	1.97575
1817	16.08	2.12452
1818	16.85	2.16506
1819	17.47	2.24257
1820	18.14	2.3066
1821	18.79	2.22394
1822	19.65	2.37645
1823	20.35	2.27761
1824	21.08	2.39449
1825	21.86	2.47798
1826	22.55	2.3297
1827	23.23	2.2488
1828	23.82	2.23777
1829	24.57	2.31195
1830	25.35	2.29946
1831	26.03	2.27357
1832	26.64	2.25619
1833	27.29	2.47506
1834	27.94	2.51324
1835	28.61	2.45721
1836	29.33	2.44563
1837	30.01	2.54753
1838	30.48	2.55922
1839	31.15	2.64339
1840	31.73	2.57237
1841	32.45	2.52735
1842	33.23	2.74538
1843	33.87	2.67079
1844	34.38	2.73781
1845	34.87	2.65577
1846	35.5	2.61343
1847	36.08	2.54433
1848	36.78	2.53211
1849	37.42	2.51468
1850	38.01	2.67393
1851	38.75	2.69212
1852	39.35	2.66974
1853	39.91	2.58494
1854	40.39	2.63778
1855	41.06	2.65262
1856	41.51	2.63627
1857	42	2.63059
1858	42.71	2.7177
1859	43.27	2.68274
1860	43.83	2.61937
1861	44.43	2.491
1862	45	2.61151
1863	45.61	2.5996
1864	46.15	2.59374
1865	46.75	2.62059
1866	47.22	2.58294
1867	47.7	2.48797
1868	48.15	2.56661
1869	48.72	2.56156
1870	49.21	2.57796
1871	49.69	2.52069
1872	50.29	2.51116
1873	50.83	2.38351
1874	51.29	2.47909
1875	51.8	2.45357
1876	52.49	2.49598
1877	52.93	2.56225
1878	53.25	2.61295
1879	53.79	2.66569
1880	54.17	2.6308
1881	54.67	2.66854
1882	55.18	2.66601
1883	55.68	2.73817
1884	56.14	2.71301
1885	56.53	2.70353
1886	57.08	2.62176
1887	57.44	2.62038
1888	57.9	2.53574
1889	58.35	2.56271
1890	58.84	2.67851
1891	59.26	2.63295
1892	59.7	2.63629
1893	60.16	2.6934
1894	60.68	2.73086
1895	61.01	2.7586
1896	61.44	2.77604
1897	61.76	2.76449
1898	62.12	2.73964
1899	62.55	2.61295
1900	5.38	1.3622
1901	5.85	1.47902
1902	6.42	1.42955
1903	6.93	1.41602
1904	7.47	1.45227
1905	8.14	1.39298
1906	8.94	1.46164
1907	9.48	1.45931
1908	10.1	1.41774
1909	10.7	1.44568
1910	11.35	1.4586
1911	11.98	1.58101
1912	12.67	1.61279
1913	13.25	1.63936
1914	14.07	1.63863
1915	14.57	1.62638
1916	15.44	1.75682
1917	16.26	1.85267
1918	17.01	1.8248
1919	17.69	1.77592
1920	18.38	1.88563
1921	19	1.87617
1922	19.93	2.14128
1923	20.71	2.09902
1924	21.3	2.12368
1925	21.92	1.96306
1926	22.63	2.11024
1927	23.34	2.15509
1928	23.98	2.16786
1929	24.55	2.21077
1930	25.25	2.2198
1931	25.92	2.23464
1932	26.67	2.23631
1933	27.19	2.43596
1934	27.87	2.44808
1935	28.6	2.4454
1936	29.19	2.39456
1937	29.98	2.42066
1938	30.62	2.46487
1939	31.34	2.56211
1940	31.83	2.55364
1941	32.61	2.64913
1942	33.34	2.73211
1943	33.99	2.76946
1944	34.5	2.73679
1945	35.15	2.6244
1946	35.9	2.62869
1947	36.43	2.79018
1948	37.18	2.69585
1949	37.78	2.84457
1950	38.34	2.85734
1951	38.85	2.83328
1952	39.54	2.86503
1953	40.09	2.95329
1954	40.71	2.96747
1955	41.19	2.88338
1956	41.7	2.88617
1957	42.17	2.80377
1958	42.7	2.78388
1959	43.27	2.90122
1960	43.84	2.88694
1961	44.44	2.90627
1962	44.97	2.94094
1963	45.56	2.91657
1964	46.04	2.85629
1965	46.6	2.88097
1966	47.15	2.89266
1967	47.66	2.97395
1968	48.18	2.93387
1969	48.72	2.94985
1970	49.35	2.86836
1971	49.76	2.90214
1972	50.29	2.91306
1973	50.81	3.01561
1974	51.2	2.89828
1975	51.71	2.96073
1976	52.19	3.01892
1977	52.64	3.02496
1978	53.17	3.08239
1979	53.63	3.05828
1980	54.04	3.01636
1981	54.46	3.0444
1982	54.96	3.08519
1983	55.39	2.97958
1984	55.96	3.11423
1985	56.46	3.02132
1986	56.96	3.01304
1987	57.35	2.98454
1988	57.77	3.08498
1989	58.2	3.1209
1990	58.68	3.06229
1991	59.14	3.1049
1992	59.57	3.02409
1993	60	3.15278
1994	60.5	3.15436
1995	61.05	3.20429
1996	61.51	3.16384
1997	61.82	3.12211
1998	62.25	3.1221
1999	62.61	3.26158
2000	5.26	1.48741
2001	5.77	1.46871
2002	6.29	1.38777
2003	6.83	1.51033
2004	7.52	1.49987
2005	8.04	1.53571
2006	8.7	1.49332
2007	9.47	1.51957
2008	10.08	1.63511
2009	10.68	1.70223
2010	11.45	1.71099
2011	12.03	1.75758
2012	12.75	1.93067
2013	13.61	1.95394
2014	14.3	2.04695
2015	15.17	2.04966
2016	15.85	2.01184
2017	16.59	1.90838
2018	17.08	1.87446
2019	17.87	1.96802
2020	18.52	2.05173
2021	19.25	1.941
2022	19.97	1.9822
2023	20.63	2.01819
2024	21.22	2.06678
2025	22	2.07364
2026	22.55	2.12309
2027	23.27	2.05356
2028	24.02	2.2538
2029	24.83	2.4127
2030	25.44	2.38042
2031	26.19	2.43185
2032	26.85	2.34254
2033	27.54	2.55116
2034	28.17	2.59636
2035	28.8	2.56515
2036	29.5	2.52784
2037	30.27	2.56068
2038	30.92	2.53251
2039	31.53	2.51577
2040	32.14	2.54566
2041	32.77	2.63763
2042	33.52	2.63621
2043	34.13	2.70797
2044	34.73	2.75628
2045	35.43	2.62776
2046	35.92	2.62176
2047	36.52	2.64379
2048	37.1	2.57876
2049	37.69	2.60651
2050	38.22	2.60607
2051	38.86	2.67589
2052	39.44	2.72881
2053	39.95	2.69583
2054	40.52	2.74765
2055	41.14	2.72771
2056	41.81	2.84498
2057	42.39	2.87017
2058	42.9	2.87228
2059	43.52	2.80171
2060	43.97	2.73662
2061	44.46	2.70341
2062	44.97	2.7293
2063	45.59	2.56552
2064	46.13	2.62928
2065	46.71	2.5585
2066	47.17	2.74611
2067	47.71	2.62791
2068	48.18	2.53132
2069	48.69	2.55615
2070	49.39	2.48151
2071	49.76	2.51841
2072	50.22	2.48024
2073	50.87	2.57936
2074	51.36	2.54763
2075	51.84	2.49287
2076	52.36	2.52397
2077	52.83	2.50621
2078	53.38	2.59915
2079	53.84	2.63712
2080	54.24	2.63864
2081	54.73	2.56459
2082	55.17	2.43333
2083	55.61	2.50158
2084	55.99	2.58261
2085	56.42	2.57752
2086	56.99	2.53178
2087	57.52	2.68879
2088	57.93	2.66929
2089	58.32	2.61488
2090	58.78	2.70769
2091	59.26	2.55194
2092	59.6	2.54558
2093	60.01	2.63627
2094	60.44	2.70673
2095	60.77	2.73808
2096	61.18	2.79778
2097	61.58	2.84317
2098	61.87	2.85536
2099	62.37	2.7337
2100	5.41	1.28137
2101	5.91	1.29688
2102	6.44	1.33656
2103	7.17	1.4146
2104	7.65	1.35185
2105	8.29	1.57667
2106	8.95	1.47224
2107	9.47	1.50635
2108	10.19	1.48118
2109	10.9	1.50665
2110	11.47	1.67604
2111	12.27	1.72543
2112	12.89	1.74869
2113	13.83	1.73813
2114	14.66	1.8451
2115	15.41	1.77817
2116	16	1.82209
2117	16.6	1.8868
2118	17.26	1.91635
2119	17.9	1.99249
2120	18.64	1.93142
2121	19.5	2.01246
2122	20.2	2.06882
2123	20.82	1.95131
2124	21.58	2.10798
2125	22.22	2.09084
2126	22.68	2.22207
2127	23.51	2.20678
2128	24.21	2.40123
2129	24.95	2.22879
2130	25.49	2.27814
2131	26.26	2.33504
2132	26.92	2.37773
2133	27.48	2.35151
2134	28.15	2.34254
2135	28.74	2.57922
2136	29.46	2.49167
2137	30.05	2.39739
2138	30.78	2.25202
2139	31.44	2.35932
2140	32.05	2.47134
2141	32.67	2.4127
2142	33.38	2.40325
2143	34.13	2.52846
2144	34.81	2.71181
2145	35.42	2.70991
2146	35.98	2.65699
2147	36.67	2.57315
2148	37.35	2.61295
2149	38.04	2.61885
2150	38.57	2.55051
2151	39.22	2.68172
2152	39.68	2.74182
2153	40.39	2.73092
2154	40.98	2.64945
2155	41.56	2.70304
2156	42.06	2.73796
2157	42.51	2.72211
2158	43.07	2.70649
2159	43.67	2.73881
2160	44.1	2.69629
2161	44.67	2.67602
2162	45.25	2.69212
2163	45.87	2.7227
2164	46.48	2.64379
2165	47.11	2.77451
2166	47.52	2.83012
2167	48.02	2.79993
2168	48.49	2.86529
2169	49	2.89828
2170	49.5	2.94788
2171	50.02	2.94272
2172	50.53	3.00485
2173	51.03	2.98816
2174	51.6	3.00998
2175	52.06	3.04572
2176	52.5	3.04795
2177	52.83	3.0168
2178	53.34	2.98067
2179	53.78	2.91404
2180	54.26	2.93469
2181	54.72	2.97348
2182	55.14	2.97328
2183	55.6	2.95296
2184	56.06	2.99606
2185	56.54	3.03124
2186	56.99	3.00165
2187	57.52	2.94442
2188	57.95	2.92703
2189	58.35	2.96774
2190	58.7	2.92062
2191	59.18	2.8579
2192	59.58	2.87117
2193	60.02	2.91541
2194	60.51	2.89998
2195	60.91	2.93971
2196	61.32	2.8736
2197	61.7	2.92404
2198	62.05	2.99124
2199	62.53	2.91704
2200	5.35	1.47224
2201	5.77	1.5222
2202	6.39	1.56138
2203	6.94	1.63597
2204	7.62	1.5413
2205	8.17	1.63129
2206	8.78	1.60984
2207	9.55	1.67556
2208	10.15	1.71683
2209	10.7	1.7
2210	11.42	1.8503
2211	12.16	1.68357
2212	12.82	1.77415
2213	13.41	1.78939
2214	14.17	1.81138
2215	14.87	1.87965
2216	15.63	1.77006
2217	16.28	1.73828
2218	16.92	1.78146
2219	17.59	1.72102
2220	18.31	1.90628
2221	19.07	1.90921
2222	19.75	1.81315
2223	20.45	1.77412
2224	21.13	1.9832
2225	21.78	1.98786
2226	22.53	2.09024
2227	23.14	2.0446
2228	23.87	2.27444
2229	24.57	2.03103
2230	25.31	2.1293
2231	25.9	2.01742
2232	26.59	2.11705
2233	27.28	2.26751
2234	28.06	2.23526
2235	28.7	2.23383
2236	29.37	2.21204
2237	29.97	2.22915
2238	30.83	2.28497
2239	31.53	2.33433
2240	32.15	2.22879
2241	32.71	2.23291
2242	33.3	2.26936
2243	33.93	2.35905
2244	34.55	2.36379
2245	35.26	2.44385
2246	35.81	2.41948
2247	36.38	2.5091
2248	36.99	2.44334
2249	37.66	2.4463
2250	38.26	2.55977
2251	38.85	2.56661
2252	39.6	2.58844
2253	40.2	2.69444
2254	40.72	2.61947
2255	41.41	2.73896
2256	41.95	2.71063
2257	42.61	2.76729
2258	43.14	2.70562
2259	43.56	2.6242
2260	44.1	2.55539
2261	44.6	2.67955
2262	45.18	2.71065
2263	45.65	2.65094
2264	46.16	2.73393
2265	46.8	2.66833
2266	47.21	2.67318
2267	47.77	2.7124
2268	48.25	2.77984
2269	48.82	2.76181
2270	49.33	2.79304
2271	49.79	2.6393
2272	50.28	2.66113
2273	50.82	2.72169
2274	51.5	2.82312
2275	51.96	2.72367
2276	52.3	2.7
2277	52.93	2.59328
2278	53.43	2.66554
2279	53.85	2.64339
2280	54.45	2.66974
2281	54.95	2.71063
2282	55.42	2.68022
2283	55.91	2.77162
2284	56.3	2.84429
2285	56.76	2.83238
2286	57.16	2.77748
2287	57.74	2.77712
2288	58.16	2.95878
2289	58.47	2.91017
2290	59.02	2.94272
2291	59.34	2.99406
2292	59.71	2.98428
2293	60.15	3.14444
2294	60.67	3.13067
2295	61.18	3.01456
2296	61.65	3.05082
2297	62.02	3.15271
2298	62.36	3.10973
2299	62.72	3.09542
2300	5.28	1.37899
2301	5.7	1.39642
2302	6.2	1.51658
2303	6.8	1.56205
2304	7.42	1.49117
2305	8.04	1.52263
2306	8.66	1.69245
2307	9.35	1.60857
2308	9.85	1.51905
2309	10.72	1.54324
2310	11.32	1.6606
2311	12.02	1.64305
2312	12.7	1.72916
2313	13.47	1.76326
2314	14.16	1.80953
2315	14.94	1.84835
2316	15.63	1.81469
2317	16.29	1.91987
2318	16.92	1.97828
2319	17.75	2.03162
2320	18.49	2.08564
2321	19.12	2.15072
2322	19.82	2.18806
2323	20.55	2.17888
2324	21.13	2.17097
2325	21.94	2.27517
2326	22.67	2.3582
2327	23.4	2.29783
2328	24.06	2.29704
2329	24.67	2.44154
2330	25.43	2.36751
2331	25.98	2.35788
2332	26.65	2.41816
2333	27.31	2.50478
2334	27.99	2.38954
2335	28.65	2.44694
2336	29.3	2.42693
2337	30.11	2.44088
2338	30.75	2.44694
2339	31.36	2.50807
2340	32	2.50599
2341	32.71	2.58571
2342	33.24	2.62724
2343	33.93	2.52291
2344	34.52	2.49992
2345	35.17	2.47409
2346	35.79	2.63171
2347	36.44	2.67328
2348	37.1	2.7074
2349	37.8	2.74955
2350	38.3	2.74408
2351	38.85	2.67348
2352	39.36	2.68522
2353	39.93	2.67677
2354	40.52	2.5748
2355	41.25	2.66974
2356	41.83	2.60789
2357	42.26	2.55194
2358	42.77	2.55286
2359	43.45	2.67722
2360	43.9	2.59422
2361	44.45	2.6884
2362	44.89	2.74916
2363	45.52	2.69622
2364	45.97	2.65878
2365	46.52	2.57868
2366	47.27	2.8385
2367	47.72	2.72426
2368	48.17	2.6346
2369	48.75	2.67722
2370	49.28	2.63089
2371	49.78	2.7003
2372	50.26	2.65564
2373	50.79	2.57796
2374	51.21	2.53099
2375	51.83	2.67228
2376	52.32	2.57635
2377	52.84	2.61427
2378	53.31	2.54439
2379	53.72	2.60799
2380	54.23	2.76715
2381	54.57	2.76859
2382	55.08	2.64454
2383	55.63	2.62166
2384	56.07	2.61631
2385	56.47	2.65501
2386	57.03	2.66254
2387	57.48	2.63241
2388	58.04	2.76377
2389	58.43	2.71018
2390	58.91	2.6985
2391	59.43	2.63915
2392	59.75	2.58602
2393	60.32	2.61488
2394	60.64	2.61733
2395	61.05	2.61677
2396	61.35	2.71063
2397	61.71	2.70294
2398	62.24	2.62343
2399	62.58	2.55413
2400	5.22	1.37535
2401	5.71	1.42334
2402	6.3	1.47309
2403	6.94	1.40584
2404	7.62	1.47499
2405	8.12	1.50519
2406	8.83	1.64958
2407	9.48	1.6216
2408	10.07	1.58275
2409	10.93	1.75074
2410	11.44	1.77944
2411	12.21	1.85092
2412	12.93	1.93523
2413	13.65	2.0168
2414	14.25	1.97167
2415	14.95	1.88878
2416	15.51	1.93647
2417	16.41	2.19132
2418	17.12	2.13204
2419	17.87	2.17557
2420	18.61	2.31039
2421	19.27	2.20388
2422	19.93	2.25058
2423	20.57	2.25502
2424	21.33	2.20025
2425	21.95	2.2243
2426	22.67	2.28934
2427	23.44	2.40965
2428	24.16	2.30963
2429	24.8	2.32809
2430	25.43	2.4218
2431	26.23	2.47732
2432	26.74	2.33504
2433	27.43	2.50302
2434	28.18	2.47944
2435	28.83	2.55364
2436	29.55	2.68468
2437	30.22	2.75529
2438	30.79	2.76512
2439	31.44	2.71411
2440	32.17	2.49421
2441	32.68	2.56858
2442	33.32	2.50551
2443	33.96	2.65676
2444	34.55	2.63201
2445	35.14	2.61542
2446	35.78	2.60223
2447	36.43	2.66554
2448	36.93	2.70649
2449	37.45	2.71431
2450	38.14	2.82496
2451	38.81	2.92128
2452	39.4	2.75681
2453	39.92	2.78453
2454	40.51	2.74042
2455	40.99	2.75498
2456	41.57	2.69909
2457	42.07	2.66179
2458	42.6	2.67955
2459	43.18	2.60914
2460	43.8	2.7313
2461	44.33	2.68721
2462	44.81	2.75933
2463	45.34	2.7211
2464	45.86	2.88451
2465	46.44	2.93707
2466	46.89	2.84216
2467	47.53	2.84765
2468	48.17	2.86725
2469	48.81	2.7557
2470	49.35	2.71431
2471	49.83	2.80733
2472	50.3	2.87924
2473	50.83	2.75701
2474	51.21	2.80105
2475	51.72	2.88125
2476	52.2	2.91204
2477	52.73	2.95586
2478	53.29	2.86459
2479	53.85	2.72901
2480	54.33	2.81089
2481	54.8	2.76043
2482	55.26	2.74088
2483	55.61	2.77451
2484	56.15	2.86138
2485	56.59	2.84638
2486	57.08	2.73744
2487	57.55	2.80134
2488	58.06	2.81361
2489	58.52	2.79457
2490	58.99	2.75498
2491	59.34	2.74306
2492	59.79	2.7177
2493	60.12	2.81879
2494	60.59	2.83935
2495	61.12	2.7795
2496	61.55	2.76903
2497	62.05	2.72901
2498	62.35	2.71063
2499	62.73	2.65652
2500	5.13	1.27793
2501	5.68	1.31818
2502	6.24	1.33507
2503	6.85	1.39553
2504	7.42	1.37971
2505	7.98	1.35632
2506	8.63	1.43983
2507	9.33	1.51033
2508	10.01	1.71753
2509	10.71	1.67508
2510	11.28	1.69753
2511	12.09	1.67389
2512	12.65	1.63325
2513	13.44	1.71651
2514	14.28	1.85515
2515	14.92	1.80377
2516	15.64	1.88955
2517	16.45	2.0994
2518	17.18	2.01683
2519	17.8	2
2520	18.56	1.98151
2521	19.3	1.9105
2522	19.96	2.06843
2523	20.81	2.22124
2524	21.33	2.11686
2525	22	2.19545
2526	22.62	2.25291
2527	23.38	2.23508
2528	24.03	2.20207
2529	24.77	2.22196
2530	25.4	2.22711
2531	26.06	2.25309
2532	26.72	2.18211
2533	27.41	2.0933
2534	28.08	2.14793
2535	28.72	2.2498
2536	29.38	2.26177
2537	30.06	2.41586
2538	30.77	2.34885
2539	31.45	2.42642
2540	32.22	2.46812
2541	32.78	2.40242
2542	33.48	2.45959
2543	33.9	2.41868
2544	34.52	2.43097
2545	35.13	2.48859
2546	35.83	2.55756
2547	36.37	2.62166
2548	37.11	2.54124
2549	37.65	2.4955
2550	38.33	2.56926
2551	38.82	2.66976
2552	39.67	2.58478
2553	40.28	2.55766
2554	40.88	2.57014
2555	41.43	2.53872
2556	42.05	2.67348
2557	42.64	2.66278
2558	43.12	2.71396
2559	43.7	2.71477
2560	44.18	2.77626
2561	44.87	2.89017
2562	45.49	2.7982
2563	46.05	2.85788
2564	46.55	2.85088
2565	47.01	2.83723
2566	47.61	2.8632
2567	48.04	2.79614
2568	48.57	2.77941
2569	48.96	2.7818
2570	49.49	2.76223
2571	49.94	2.74889
2572	50.37	2.66329
2573	50.94	2.81005
2574	51.48	2.77662
2575	51.92	2.79886
2576	52.49	2.78386
2577	52.99	2.72578
2578	53.32	2.73817
2579	53.91	2.84638
2580	54.42	2.68768
2581	54.9	2.86531
2582	55.35	2.77624
2583	55.82	2.76904
2584	56.22	2.80207
2585	56.62	2.84176
2586	57.15	2.95085
2587	57.61	2.81032
2588	57.98	2.91884
2589	58.48	2.97146
2590	59	2.83549
2591	59.34	2.75761
2592	59.69	2.86948
2593	60.12	2.76868
2594	60.55	2.76179
2595	60.97	2.79448
2596	61.32	2.8736
2597	61.72	2.8743
2598	62.16	2.87305
2599	62.58	2.8572
2600	5.1	1.38924
2601	5.62	1.5348
2602	6.18	1.58354
2603	6.75	1.59609
2604	7.36	1.61567
2605	7.98	1.62468
2606	8.66	1.72754
2607	9.32	1.72557
2608	9.97	1.7802
2609	10.65	1.76847
2610	11.34	1.80122
2611	11.96	1.83804
2612	12.69	1.86384
2613	13.3	1.92614
2614	14.11	1.89681
2615	14.79	1.85631
2616	15.52	2.0024
2617	16.2	1.94422
2618	17	2.08327
2619	17.48	2.10941
2620	18.29	2.10853
2621	18.82	2.1743
2622	19.69	2.11043
2623	20.25	2.15581
2624	20.88	2.07499
2625	21.53	2.09024
2626	22.22	2.10514
2627	22.95	2.15581
2628	23.72	2.24089
2629	24.31	2.15729
2630	25.07	2.27269
2631	25.83	2.35395
2632	26.49	2.40206
2633	27.25	2.56271
2634	27.86	2.58078
2635	28.46	2.53543
2636	29.15	2.51147
2637	29.78	2.47217
2638	30.43	2.53872
2639	31.12	2.54275
2640	31.77	2.5332
2641	32.53	2.4757
2642	33.01	2.55928
2643	33.76	2.70969
2644	34.53	2.60943
2645	35.22	2.5713
2646	35.73	2.59944
2647	36.24	2.60814
2648	36.93	2.61631
2649	37.56	2.60507
2650	38.22	2.75891
2651	38.79	2.71033
2652	39.36	2.70007
2653	39.91	2.71328
2654	40.45	2.73633
2655	41.15	2.85788
2656	41.8	2.77489
2657	42.32	2.76
2658	42.87	2.71166
2659	43.46	2.696
2660	44.05	2.84033
2661	44.59	2.83935
2662	45.14	2.91211
2663	45.57	2.87143
2664	46.14	2.87409
2665	46.73	2.83145
2666	47.43	2.87838
2667	48.03	2.85466
2668	48.4	2.84956
2669	48.86	2.87757
2670	49.29	2.93699
2671	49.82	2.88576
2672	50.39	2.89446
2673	50.89	2.93563
2674	51.42	2.96034
2675	51.9	2.98496
2676	52.34	3.08616
2677	52.84	3.01569
2678	53.22	3.02516
2679	53.78	3.06457
2680	54.3	3.06757
2681	54.67	3.14024
2682	55.19	3.15498
2683	55.69	3.03873
2684	56.1	3.08707
2685	56.44	3.07675
2686	56.82	3.08992
2687	57.34	3.17874
2688	57.89	3.26771
2689	58.32	3.12372
2690	58.76	3.11166
2691	59.18	3.16348
2692	59.74	3.2943
2693	60.23	3.21514
2694	60.55	3.28139
2695	60.94	3.3191
2696	61.38	3.20244
2697	61.76	3.2035
2698	62.28	3.08247
2699	62.69	3.18652
2700	5.42	1.6863
2701	5.84	1.64754
2702	6.4	1.63095
2703	7.02	1.62468
2704	7.59	1.67389
2705	8.26	1.57239
2706	8.87	1.68318
2707	9.51	1.64009
2708	10.16	1.62308
2709	10.82	1.70517
2710	11.48	1.74057
2711	12.31	1.8259
2712	12.84	1.77042
2713	13.54	1.86236
2714	14.26	1.71825
2715	14.92	1.72441
2716	15.56	1.71067
2717	16.26	1.67105
2718	16.93	1.77344
2719	17.79	1.99146
2720	18.54	2.11386
2721	19.13	2.00826
2722	19.9	2.02237
2723	20.7	2.08087
2724	21.29	2.12271
2725	21.87	2.08641
2726	22.63	2.16636
2727	23.36	2.2069
2728	24.02	2.19991
2729	24.69	2.07217
2730	25.31	2.14334
2731	26.07	2.29022
2732	26.64	2.17954
2733	27.32	2.36592
2734	27.86	2.29791
2735	28.55	2.3297
2736	29.31	2.25697
2737	30.15	2.22879
2738	30.96	2.42041
2739	31.5	2.43105
2740	32	2.44949
2741	32.68	2.45715
2742	33.35	2.50749
2743	33.98	2.44532
2744	34.72	2.47014
2745	35.32	2.44082
2746	35.87	2.34374
2747	36.35	2.37224
2748	36.92	2.61794
2749	37.65	2.60912
2750	38.31	2.54831
2751	38.83	2.47409
2752	39.43	2.61249
2753	39.97	2.61325
2754	40.61	2.68289
2755	41.29	2.60881
2756	41.9	2.5593
2757	42.42	2.52262
2758	43	2.51794
2759	43.65	2.53525
2760	44.15	2.59374
2761	44.82	2.63962
2762	45.45	2.60144
2763	46	2.46577
2764	46.48	2.53172
2765	47.1	2.5318
2766	47.51	2.60958
2767	48.09	2.67243
2768	48.48	2.51189
2769	48.92	2.50472
2770	49.42	2.50272
2771	49.84	2.53661
2772	50.44	2.46301
2773	50.95	2.50749
2774	51.49	2.34305
2775	52.1	2.27376
2776	52.6	2.2891
2777	53.02	2.33658
2778	53.53	2.34715
2779	54.12	2.4219
2780	54.49	2.45559
2781	54.97	2.48779
2782	55.42	2.4665
2783	55.91	2.60037
2784	56.54	2.43893
2785	56.96	2.38294
2786	57.39	2.58029
2787	57.84	2.64091
2788	58.24	2.61197
2789	58.61	2.57253
2790	59.14	2.61159
2791	59.56	2.66203
2792	60.01	2.63627
2793	60.39	2.55302
2794	60.78	2.65925
2795	61.19	2.67468
2796	61.63	2.78803
2797	62.12	2.73598
2798	62.49	2.69998
2799	62.97	2.64747
2800	5.39	1.43454
2801	5.87	1.54049
2802	6.26	1.61629
2803	6.82	1.57721
2804	7.43	1.58275
2805	8.08	1.5664
2806	8.66	1.65058
2807	9.25	1.65151
2808	10.03	1.7289
2809	10.67	1.69148
2810	11.22	1.5911
2811	11.9	1.66433
2812	12.63	1.73583
2813	13.33	1.73237
2814	13.96	1.74883
2815	14.79	1.74525
2816	15.54	1.76873
2817	16.2	1.86548
2818	16.78	1.74688
2819	17.5	1.70587
2820	18.1	1.74642
2821	18.86	1.93401
2822	19.56	1.97646
2823	20.14	2.04949
2824	21.01	1.9824
2825	21.65	1.97674
2826	22.34	1.94021
2827	22.89	1.95906
2828	23.67	2.03988
2829	24.26	2.1148
2830	24.89	1.95906
2831	25.48	1.98736
2832	26.29	2.05083
2833	26.87	1.91131
2834	27.61	2.03909
2835	28.3	2.03224
2836	29.05	2.11365
2837	29.68	2.1113
2838	30.33	2.12158
2839	30.85	2.1926
2840	31.49	2.12836
2841	32.07	2.1506
2842	32.8	2.31517
2843	33.4	2.2
2844	34.1	2.31301
2845	34.68	2.28858
2846	35.4	2.25832
2847	35.99	2.34305
2848	36.62	2.28377
2849	37.22	2.19354
2850	37.93	2.24167
2851	38.58	2.34598
2852	39.13	2.3692
2853	39.69	2.43185
2854	40.15	2.4995
2855	40.84	2.51682
2856	41.43	2.43004
2857	41.96	2.37032
2858	42.61	2.39539
2859	43.07	2.47893
2860	43.59	2.57719
2861	44.06	2.55664
2862	44.62	2.58759
2863	45.08	2.68209
2864	45.59	2.67243
2865	46.23	2.75265
2866	46.75	2.6884
2867	47.28	2.74255
2868	47.79	2.7939
2869	48.16	2.75942
2870	48.83	2.88463
2871	49.32	3.00626
2872	49.95	2.89612
2873	50.4	2.8775
2874	50.9	2.93087
2875	51.35	3.0541
2876	51.89	3.04925
2877	52.36	3.01834
2878	52.82	3.07369
2879	53.31	2.98896
2880	53.79	3.06038
2881	54.26	3.16108
2882	54.75	3.14762
2883	55.24	3.06307
2884	55.66	3.07317
2885	56.07	2.98079
2886	56.56	2.97093
2887	57.1	3.06431
2888	57.5	3.07734
2889	57.93	3.02739
2890	58.37	2.90398
2891	58.84	3.07805
2892	59.29	3.13463
2893	59.66	3.03717
2894	60.03	3.00152
2895	60.47	3.06743
2896	60.96	3.01967
2897	61.41	3.16258
2898	61.83	3.12428
2899	62.24	3.16582
2900	5.5	1.42478
2901	5.89	1.39208
2902	6.46	1.44513
2903	7.01	1.43871
2904	7.56	1.49211
2905	8.08	1.57911
2906	8.79	1.51192
2907	9.42	1.70985
2908	10.12	1.58291
2909	10.85	1.58351
2910	11.55	1.67556
2911	12.14	1.70306
2912	12.79	1.68698
2913	13.54	1.78
2914	14.25	1.78536
2915	14.99	1.88942
2916	15.76	1.86075
2917	16.4	1.94936
2918	17.05	2.00686
2919	17.82	2.03657
2920	18.56	2.17862
2921	19.21	2.08947
2922	19.95	2.0168
2923	20.51	2.07121
2924	21.17	2.02512
2925	21.99	1.96212
2926	22.72	2.11225
2927	23.32	2.1949
2928	23.95	2.17888
2929	24.77	2.16728
2930	25.42	2.13626
2931	26.1	2.20681
2932	26.71	2.23739
2933	27.46	2.16527
2934	28.09	2.28515
2935	28.82	2.28639
2936	29.43	2.21926
2937	30.13	2.30067
2938	30.86	2.24953
2939	31.53	2.35565
2940	32.09	2.4004
2941	32.72	2.39616
2942	33.39	2.46939
2943	34.04	2.54527
2944	34.6	2.5923
2945	35.3	2.45153
2946	35.96	2.47758
2947	36.56	2.54684
2948	37.19	2.59883
2949	37.88	2.57791
2950	38.44	2.57029
2951	39.1	2.60576
2952	39.66	2.62381
2953	40.06	2.54094
2954	40.8	2.64953
2955	41.37	2.57548
2956	42.04	2.50567
2957	42.61	2.57253
2958	43.22	2.68544
2959	43.77	2.71608
2960	44.21	2.73238
2961	44.78	2.59453
2962	45.29	2.6393
2963	45.89	2.53336
2964	46.54	2.65865
2965	47.02	2.52182
2966	47.61	2.44088
2967	48.16	2.61044
2968	48.71	2.70664
2969	49.16	2.7119
2970	49.67	2.76063
2971	50.18	2.76904
2972	50.73	2.70871
2973	51.22	2.61373
2974	51.75	2.6244
2975	52.25	2.75091
2976	52.79	2.59729
2977	53.21	2.57408
2978	53.64	2.64394
2979	54.19	2.65968
2980	54.55	2.73633
2981	55.02	2.64189
2982	55.45	2.65848
2983	55.96	2.67552
2984	56.44	2.69191
2985	56.86	2.67215
2986	57.36	2.74416
2987	57.75	2.71063
2988	58.23	2.8385
2989	58.73	2.74173
2990	59.16	2.76666
2991	59.61	2.72725
2992	60.04	2.73101
2993	60.54	2.78
2994	60.82	2.76181
2995	61.21	2.82947
2996	61.71	2.72872
2997	62.06	2.83485
2998	62.52	2.79457
2999	62.78	2.86908
3000	4.92	1.30905
3001	5.48	1.39628
3002	6.01	1.42475
3003	6.65	1.34443
3004	7.16	1.27844
3005	7.88	1.33626
3006	8.32	1.31818
3007	9.09	1.37182
3008	9.69	1.41206
3009	10.44	1.55126
3010	11.04	1.44167
3011	11.75	1.4586
3012	12.46	1.51934
3013	13.13	1.50103
3014	13.82	1.55808
3015	14.5	1.43178
3016	15.17	1.5878
3017	15.95	1.69337
3018	16.62	1.58606
3019	17.28	1.63144
3020	18.06	1.67821
3021	18.72	1.73251
3022	19.46	1.83532
3023	20.17	1.8604
3024	21.02	1.94412
3025	21.7	1.96723
3026	22.34	1.94535
3027	22.99	2.00746
3028	23.61	1.85416
3029	24.26	1.99309
3030	24.84	1.93763
3031	25.7	1.9105
3032	26.36	1.91583
3033	27.09	2.15451
3034	27.88	2.01137
3035	28.54	1.97697
3036	29.16	2.12
3037	29.9	2.22486
3038	30.68	2.26663
3039	31.13	2.26122
3040	31.9	2.14243
3041	32.56	2.19235
3042	33.24	2.28963
3043	33.88	2.31206
3044	34.53	2.38937
3045	35.05	2.33827
3046	35.71	2.3422
3047	36.27	2.33604
3048	36.92	2.30512
3049	37.4	2.35372
3050	38.05	2.37645
3051	38.67	2.40855
3052	39.2	2.4
3053	39.92	2.43179
3054	40.49	2.5436
3055	41.09	2.54203
3056	41.67	2.49822
3057	42.29	2.49918
3058	42.79	2.54281
3059	43.35	2.5549
3060	43.99	2.48393
3061	44.52	2.34299
3062	45.05	2.39739
3063	45.54	2.49167
3064	46.21	2.58571
3065	46.72	2.50631
3066	47.29	2.58958
3067	47.83	2.59251
3068	48.29	2.58184
3069	48.82	2.62442
3070	49.28	2.67612
3071	49.79	2.69182
3072	50.41	2.63095
3073	50.74	2.67066
3074	51.33	2.78228
3075	51.85	2.87185
3076	52.38	2.77409
3077	52.88	2.73964
3078	53.49	2.68513
3079	54	2.79643
3080	54.43	2.80804
3081	54.92	2.84493
3082	55.4	2.72397
3083	55.89	2.64157
3084	56.5	2.62869
3085	56.81	2.62562
3086	57.22	2.69659
3087	57.66	2.81503
3088	58.21	2.75425
3089	58.67	2.83215
3090	58.95	2.76541
3091	59.45	2.78702
3092	60.01	2.77307
3093	60.48	2.77662
3094	60.83	2.73881
3095	61.29	2.74334
3096	61.71	2.84005
3097	62.08	2.76651
3098	62.47	2.84062
3099	62.94	2.85594
3100	5.51	1.72913
3101	5.82	1.75146
3102	6.41	1.76122
3103	7.12	1.84543
3104	7.57	1.81248
3105	8.15	1.84052
3106	8.9	1.82483
3107	9.54	1.71709
3108	10.21	1.89892
3109	10.88	1.89357
3110	11.67	1.89766
3111	12.23	1.93316
3112	12.97	1.84095
3113	13.53	1.85718
3114	14.27	1.90712
3115	15.06	1.89642
3116	15.68	1.98434
3117	16.47	1.99727
3118	17.08	1.93742
3119	17.76	1.88213
3120	18.41	1.84442
3121	19.23	1.92278
3122	19.89	1.94882
3123	20.58	1.78986
3124	21.31	1.86384
3125	21.95	1.9564
3126	22.75	2.05609
3127	23.36	1.96733
3128	24.02	1.94926
3129	24.7	1.94679
3130	25.25	1.9564
3131	26.08	2.11981
3132	26.67	2.02017
3133	27.18	2.10893
3134	27.98	2.10228
3135	28.52	2.12358
3136	29.12	2.07017
3137	29.8	2.14942
3138	30.46	2.15137
3139	31.1	2.1095
3140	31.76	2.11244
3141	32.41	2.15451
3142	32.94	2.19918
3143	33.65	2.28637
3144	34.38	2.37815
3145	34.86	2.39174
3146	35.48	2.43097
3147	36.14	2.51404
3148	36.79	2.47101
3149	37.32	2.4285
3150	37.92	2.41942
3151	38.57	2.45053
3152	39.13	2.48859
3153	39.84	2.50488
3154	40.43	2.36751
3155	41.04	2.28
3156	41.56	2.43031
3157	42.14	2.56523
3158	42.64	2.57884
3159	43.22	2.57519
3160	43.6	2.51794
3161	44.3	2.44745
3162	44.97	2.38099
3163	45.45	2.42229
3164	46.16	2.40716
3165	46.64	2.52792
3166	47.07	2.49902
3167	47.63	2.56381
3168	48.16	2.68596
3169	48.61	2.64535
3170	49.13	2.54423
3171	49.59	2.56942
3172	50.2	2.58844
3173	50.66	2.60852
3174	51.15	2.60528
3175	51.73	2.58788
3176	52.17	2.60789
3177	52.63	2.57936
3178	53.18	2.50751
3179	53.59	2.54203
3180	54.09	2.49838
3181	54.56	2.68447
3182	54.97	2.7512
3183	55.47	2.78372
3184	55.92	2.81666
3185	56.48	2.75129
3186	56.98	2.69807
3187	57.32	2.74182
3188	57.76	2.70969
3189	58.25	2.72534
3190	58.7	2.64764
3191	59.03	2.63991
3192	59.6	2.66833
3193	60.14	2.61924
3194	60.48	2.66263
3195	60.87	2.68572
3196	61.34	2.65789
3197	61.72	2.64605
3198	62.17	2.69093
3199	62.63	2.7337
3200	5.36	1.55897
3201	5.91	1.61923
3202	6.5	1.57162
3203	7.03	1.652
3204	7.6	1.61245
3205	8.14	1.78897
3206	8.86	1.91322
3207	9.54	1.7912
3208	10.17	1.81138
3209	10.9	1.9
3210	11.57	1.90921
3211	12.31	1.89576
3212	13	2.03961
3213	13.73	1.89132
3214	14.47	2.06133
3215	15.18	2.05124
3216	15.86	2.02988
3217	16.53	1.99226
3218	17.15	2.06579
3219	17.84	2.15741
3220	18.46	2.14672
3221	19.24	2.01057
3222	20.09	2.28077
3223	20.68	2.26663
3224	21.33	2.14035
3225	22.15	2.0994
3226	22.93	2.27708
3227	23.62	2.29687
3228	24.24	2.37958
3229	24.8	2.32809
3230	25.42	2.32456
3231	26.17	2.40855
3232	26.86	2.27165
3233	27.57	2.45461
3234	28.4	2.54558
3235	29.11	2.45721
3236	29.64	2.33889
3237	30.21	2.32075
3238	30.84	2.33547
3239	31.38	2.30989
3240	32.13	2.30067
3241	32.85	2.37645
3242	33.55	2.45917
3243	34.01	2.41866
3244	34.66	2.47071
3245	35.19	2.4112
3246	35.83	2.43744
3247	36.47	2.54344
3248	37.01	2.50797
3249	37.53	2.50382
3250	38.27	2.49742
3251	38.86	2.31093
3252	39.47	2.52371
3253	39.99	2.43924
3254	40.59	2.29824
3255	41.22	2.41073
3256	41.7	2.47184
3257	42.31	2.50078
3258	42.72	2.53014
3259	43.28	2.47014
3260	43.94	2.59931
3261	44.58	2.56195
3262	45.2	2.56125
3263	45.77	2.52133
3264	46.34	2.53858
3265	46.81	2.52466
3266	47.33	2.59251
3267	47.9	2.7037
3268	48.49	2.71107
3269	48.99	2.68885
3270	49.35	2.72534
3271	49.85	2.74363
3272	50.36	2.84788
3273	51.01	2.65516
3274	51.44	2.61274
3275	51.99	2.67393
3276	52.49	2.55928
3277	52.95	2.65471
3278	53.42	2.68395
3279	53.87	2.652
3280	54.37	2.65577
3281	54.86	2.72037
3282	55.32	2.57247
3283	55.76	2.49046
3284	56.13	2.55208
3285	56.61	2.65667
3286	56.84	2.70451
3287	57.39	2.69776
3288	57.9	2.76225
3289	58.51	2.65893
3290	58.87	2.60636
3291	59.2	2.66833
3292	59.73	2.69761
3293	60.21	2.80105
3294	60.67	2.77148
3295	61.08	2.78812
3296	61.5	2.78747
3297	61.85	2.72167
3298	62.33	2.818
3299	62.68	2.77085
3300	5.17	1.20046
3301	5.65	1.25996
3302	6.22	1.42534
3303	6.8	1.44914
3304	7.47	1.53268
3305	7.98	1.52958
3306	8.62	1.50187
3307	9.18	1.4858
3308	9.97	1.652
3309	10.61	1.51588
3310	11.32	1.41336
3311	12.01	1.38921
3312	12.7	1.43875
3313	13.36	1.38217
3314	13.96	1.45547
3315	14.56	1.4854
3316	15.39	1.60558
3317	16.04	1.60574
3318	16.88	1.63267
3319	17.71	1.75097
3320	18.35	1.68152
3321	19.12	1.76227
3322	19.84	1.82055
3323	20.44	1.94072
3324	21.07	1.88284
3325	21.81	1.96822
3326	22.57	1.93005
3327	23.3	2.07605
3328	24.07	2.08928
3329	24.67	2.17281
3330	25.34	1.93505
3331	25.99	2.12836
3332	26.68	2.19945
3333	27.38	2.16231
3334	28.1	2.22935
3335	28.83	2.22286
3336	29.45	2.2198
3337	30.05	2.23774
3338	30.69	2.18034
3339	31.21	2.32506
3340	31.87	2.31799
3341	32.58	2.36296
3342	33.39	2.54124
3343	34.05	2.6396
3344	34.6	2.52982
3345	35.13	2.58323
3346	35.74	2.54802
3347	36.35	2.54313
3348	37.11	2.58029
3349	37.69	2.54439
3350	38.24	2.58503
3351	38.78	2.59453
3352	39.38	2.55257
3353	39.97	2.60943
3354	40.67	2.56926
3355	41.29	2.66194
3356	41.77	2.66028
3357	42.44	2.78683
3358	43	2.73861
3359	43.49	2.79104
3360	44.16	2.80614
3361	44.68	2.89095
3362	45.22	2.86908
3363	45.7	2.96142
3364	46.26	2.93809
3365	46.88	2.9267
3366	47.41	2.88823
3367	47.83	2.95315
3368	48.47	3.03794
3369	48.86	2.98
3370	49.51	2.98159
3371	49.98	2.92568
3372	50.53	3.12556
3373	50.94	3.13949
3374	51.36	3.0774
3375	51.9	3.06431
3376	52.42	3.02714
3377	52.9	3.08707
3378	53.49	3.09353
3379	54.01	3.13208
3380	54.39	3.03939
3381	54.94	3.09458
3382	55.48	3.05116
3383	55.96	2.99306
3384	56.36	2.99172
3385	56.89	2.98293
3386	57.28	3.08895
3387	57.66	3.05686
3388	58.26	3.14204
3389	58.68	3.05902
3390	59.17	2.99685
3391	59.58	3.13426
3392	59.98	3.14
3393	60.47	3.15422
3394	60.99	3.18275
3395	61.44	3.06372
3396	61.88	3.07662
3397	62.37	3.0386
3398	62.73	3.10437
3399	63.1	3.13209
3400	5.21	1.65103
3401	5.66	1.65662
3402	6.14	1.74367
3403	6.83	1.87112
3404	7.41	1.7441
3405	8	1.66733
3406	8.56	1.60823
3407	9.18	1.74
3408	9.87	1.94245
3409	10.42	1.97575
3410	11.12	2.04587
3411	11.86	1.95969
3412	12.55	1.86748
3413	13.3	1.85742
3414	13.99	1.94162
3415	14.57	1.90397
3416	15.43	2.03595
3417	16.14	2.14951
3418	16.95	2.3211
3419	17.64	2.26945
3420	18.31	2.15265
3421	18.85	1.99186
3422	19.59	2.15914
3423	20.35	2.15581
3424	21.03	2.29109
3425	21.73	2.05356
3426	22.35	2.16968
3427	23.08	2.36508
3428	23.73	2.36159
3429	24.3	2.29565
3430	25.03	2.33004
3431	25.65	2.2951
3432	26.31	2.25253
3433	27.1	2.34307
3434	27.8	2.28035
3435	28.44	2.25087
3436	29.21	2.36768
3437	29.81	2.43185
3438	30.44	2.49528
3439	31.06	2.42825
3440	31.82	2.44696
3441	32.48	2.35151
3442	33.03	2.47166
3443	33.76	2.67253
3444	34.37	2.52846
3445	34.98	2.54157
3446	35.6	2.41661
3447	36.23	2.62623
3448	36.88	2.49512
3449	37.49	2.66644
3450	38.12	2.72132
3451	38.63	2.64445
3452	39.2	2.62298
3453	39.79	2.66194
3454	40.25	2.718
3455	40.92	2.78812
3456	41.5	2.80535
3457	42.05	2.76179
3458	42.55	2.70324
3459	43.01	2.78386
3460	43.68	2.82446
3461	44.28	2.80385
3462	44.88	2.84703
3463	45.46	2.68857
3464	45.95	2.80491
3465	46.54	2.86154
3466	47.1	2.87924
3467	47.58	2.84668
3468	48.14	2.90524
3469	48.54	2.83344
3470	49.05	2.87533
3471	49.59	2.8986
3472	50.04	2.96958
3473	50.58	2.96709
3474	51.12	2.90613
3475	51.62	3.02582
3476	52.16	2.96554
3477	52.66	2.92991
3478	53.26	2.98201
3479	53.83	2.96666
3480	54.35	2.97783
3481	54.66	2.94354
3482	55.2	2.96985
3483	55.65	2.96774
3484	56.13	3.01879
3485	56.77	3.06873
3486	57.21	2.97421
3487	57.7	2.96816
3488	58.04	3.02628
3489	58.49	2.92744
3490	58.85	2.92361
3491	59.38	2.94883
3492	59.9	2.92404
3493	60.26	2.93469
3494	60.75	2.97447
3495	61.15	3.00458
3496	61.78	2.98188
3497	62.12	3.00759
3498	62.53	3.0609
3499	62.98	3.00326
3500	5.21	1.34384
3501	5.69	1.36158
3502	6.29	1.43035
3503	6.87	1.38315
3504	7.45	1.45172
3505	8.15	1.48577
3506	8.82	1.68155
3507	9.44	1.61443
3508	10.28	1.66781
3509	10.81	1.64131
3510	11.44	1.72232
3511	12.14	1.79455
3512	12.78	1.80876
3513	13.59	1.82809
3514	14.3	1.75784
3515	15.11	1.92299
3516	15.69	1.91674
3517	16.45	2.02176
3518	17.05	1.86212
3519	17.69	1.98844
3520	18.38	1.95847
3521	19.18	2.12782
3522	19.88	2.09895
3523	20.51	2.03713
3524	21.2	2.20907
3525	21.82	2.09943
3526	22.61	2.22663
3527	23.38	2.13907
3528	23.98	2.15397
3529	24.77	2.31886
3530	25.44	2.36356
3531	26.04	2.28438
3532	26.77	2.22645
3533	27.47	2.19752
3534	28.02	2.2135
3535	28.79	2.32075
3536	29.54	2.43072
3537	30.11	2.34049
3538	30.86	2.37916
3539	31.48	2.41446
3540	32	2.44949
3541	32.44	2.41379
3542	33.16	2.54841
3543	33.88	2.45878
3544	34.48	2.53172
3545	35.18	2.60914
3546	35.79	2.60113
3547	36.51	2.61341
3548	36.97	2.72564
3549	37.63	2.62547
3550	38.27	2.56459
3551	38.78	2.55961
3552	39.32	2.64151
3553	39.93	2.60482
3554	40.51	2.67393
3555	41.11	2.62258
3556	41.68	2.56468
3557	42.24	2.5303
3558	42.82	2.63583
3559	43.4	2.72029
3560	43.87	2.70057
3561	44.37	2.67079
3562	44.99	2.71476
3563	45.52	2.65887
3564	46.06	2.6375
3565	46.74	2.62534
3566	47.14	2.70193
3567	47.68	2.7272
3568	48.22	2.81631
3569	48.75	2.9099
3570	49.31	2.84498
3571	49.86	2.86712
3572	50.3	2.82312
3573	50.83	2.91223
3574	51.3	2.85482
3575	51.84	2.74853
3576	52.35	2.72167
3577	52.89	2.69405
3578	53.43	2.73589
3579	53.92	2.74109
3580	54.41	2.80391
3581	54.83	2.77509
3582	55.21	2.72872
3583	55.65	2.71063
3584	56.21	2.73604
3585	56.67	2.79662
3586	57.12	2.84703
3587	57.48	2.79457
3588	57.92	2.80599
3589	58.42	2.76832
3590	58.78	2.71875
3591	59.2	2.70555
3592	59.64	2.76955
3593	60.06	2.85944
3594	60.39	2.76729
3595	60.81	2.83794
3596	61.28	2.77518
3597	61.69	2.70072
3598	62.15	2.74727
3599	62.51	2.86878
3600	5.42	1.65638
3601	5.81	1.59182
3602	6.33	1.72659
3603	6.91	1.67985
3604	7.46	1.66985
3605	8.07	1.68674
3606	8.83	1.73813
3607	9.36	1.75795
3608	9.97	1.76893
3609	10.69	1.81491
3610	11.41	1.79497
3611	12.19	1.90628
3612	12.72	1.90305
3613	13.49	1.8788
3614	14.27	2.05356
3615	15	2.00499
3616	15.69	2.06734
3617	16.46	1.98202
3618	17.12	1.93018
3619	17.93	2.00127
3620	18.59	2.10283
3621	19.31	2.13867
3622	20	2.13542
3623	20.7	2.20681
3624	21.34	2.26371
3625	21.98	2.19991
3626	22.71	2.14614
3627	23.56	2.3079
3628	24.14	2.31525
3629	24.85	2.34254
3630	25.63	2.39856
3631	26.17	2.47409
3632	26.97	2.49582
3633	27.72	2.48628
3634	28.35	2.51147
3635	29.01	2.6019
3636	29.71	2.49918
3637	30.3	2.5671
3638	31.04	2.48966
3639	31.71	2.62791
3640	32.28	2.60799
3641	33.09	2.59266
3642	33.6	2.54951
3643	34.29	2.53494
3644	34.94	2.6375
3645	35.53	2.58633
3646	36.21	2.62791
3647	36.73	2.61478
3648	37.33	2.71682
3649	37.98	2.75311
3650	38.67	2.84273
3651	39.25	2.72901
3652	39.78	2.79492
3653	40.43	2.70649
3654	40.94	2.74889
3655	41.38	2.69362
3656	41.91	2.80034
3657	42.64	2.88971
3658	43.14	2.90179
3659	43.7	2.92746
3660	44.35	2.93726
3661	44.83	2.88463
3662	45.32	2.84211
3663	45.81	2.93835
3664	46.35	2.91333
3665	46.97	3.0478
3666	47.61	3.08511
3667	48.02	3.04952
3668	48.56	2.89247
3669	49.03	2.93413
3670	49.63	3.16435
3671	50.06	3.08487
3672	50.52	3.01158
3673	51.07	3.11851
3674	51.64	3.05129
3675	52.1	2.96142
3676	52.65	3.01123
3677	53.15	3.07368
3678	53.61	2.93563
3679	54.11	3.0558
3680	54.67	3.0168
3681	55.12	3.03078
3682	55.62	3.11699
3683	56.15	2.97111
3684	56.6	2.99333
3685	57.07	3.16308
3686	57.45	3.1253
3687	57.81	3.15498
3688	58.32	3.17137
3689	58.75	3.09637
3690	59.23	3.06547
3691	59.6	3.05287
3692	60.04	3.04933
3693	60.45	3.15397
3694	60.96	3.02959
3695	61.54	3.13503
3696	61.92	3.1038
3697	62.36	3.2635
3698	62.76	3.2592
3699	63.15	3.31776
3700	5.03	1.44537
3701	5.58	1.42253
3702	6.06	1.46847
3703	6.6	1.54272
3704	7.32	1.43443
3705	7.85	1.41686
3706	8.5	1.61555
3707	9.12	1.63267
3708	9.8	1.72627
3709	10.48	1.603
3710	11.08	1.75317
3711	11.67	1.77795
3712	12.38	1.82636
3713	13.22	1.84705
3714	13.83	1.87646
3715	14.55	1.97167
3716	15.25	1.94615
3717	15.9	1.70587
3718	16.62	1.76511
3719	17.38	1.97373
3720	18.16	2.01851
3721	18.94	2.17173
3722	19.51	2.24274
3723	20.17	2.07873
3724	21.04	2.13972
3725	21.7	2.26495
3726	22.46	2.2245
3727	23.02	2.13532
3728	23.86	2.1167
3729	24.48	2.17936
3730	25.27	2.37004
3731	25.86	2.2227
3732	26.7	2.39374
3733	27.37	2.47247
3734	28.09	2.42526
3735	28.58	2.48266
3736	29.2	2.498
3737	29.82	2.47136
3738	30.49	2.36852
3739	31.07	2.36328
3740	31.75	2.37645
3741	32.37	2.48859
3742	33.02	2.43302
3743	33.62	2.4445
3744	34.21	2.50717
3745	34.97	2.51179
3746	35.53	2.67004
3747	36.3	2.63629
3748	36.82	2.66601
3749	37.36	2.68149
3750	37.93	2.68795
3751	38.55	2.78702
3752	39.01	2.8089
3753	39.59	2.73531
3754	40.26	2.7518
3755	40.91	2.74625
3756	41.59	2.84287
3757	42.16	2.8239
3758	42.88	2.96068
3759	43.45	2.83328
3760	43.84	2.80614
3761	44.38	2.99927
3762	45.01	3.01163
3763	45.44	2.99105
3764	45.95	2.97783
3765	46.62	2.97247
3766	47.15	3.10926
3767	47.68	3.06555
3768	48.07	3.03069
3769	48.54	3.08032
3770	49.12	3.14732
3771	49.52	3.07402
3772	50.05	3.11569
3773	50.65	3.13169
3774	51.04	3.15252
3775	51.56	3.03421
3776	52.07	2.99418
3777	52.54	3.09651
3778	53.04	3.08519
3779	53.48	3.13203
3780	53.86	3.03322
3781	54.27	3.02607
3782	54.85	3.14444
3783	55.32	3.17767
3784	55.74	3.07122
3785	56.18	3.14763
3786	56.59	3.1212
3787	56.98	3.2093
3788	57.45	3.24769
3789	57.96	3.24937
3790	58.47	3.22941
3791	58.84	3.15506
3792	59.16	3.06829
3793	59.61	3.10127
3794	60.05	3.20741
3795	60.33	3.22817
3796	60.77	3.22445
3797	61.09	3.21899
3798	61.51	3.19529
3799	61.97	3.19204
3800	5.43	1.21041
3801	5.9	1.3
3802	6.45	1.33697
3803	6.94	1.46847
3804	7.52	1.46615
3805	8.03	1.44537
3806	8.81	1.48118
3807	9.5	1.47986
3808	10.16	1.54091
3809	10.79	1.6929
3810	11.56	1.62678
3811	12.26	1.57873
3812	12.92	1.64122
3813	13.53	1.61527
3814	14.2	1.77764
3815	14.93	1.8561
3816	15.64	1.87894
3817	16.35	1.72844
3818	17.03	1.87859
3819	17.6	1.91311
3820	18.45	2.09464
3821	19.14	2.06407
3822	19.88	1.98635
3823	20.71	2.14614
3824	21.26	2.18916
3825	21.98	2.23598
3826	22.69	2.21222
3827	23.34	2.29443
3828	24.16	2.36525
3829	24.87	2.36074
3830	25.51	2.41866
3831	26.3	2.5671
3832	26.91	2.57331
3833	27.56	2.55859
3834	28.21	2.50318
3835	28.93	2.58169
3836	29.64	2.70378
3837	30.2	2.79643
3838	30.75	2.76903
3839	31.65	2.80847
3840	32.23	2.80305
3841	32.74	2.92103
3842	33.28	2.92944
3843	33.89	2.94583
3844	34.47	2.97138
3845	35.15	2.92019
3846	35.77	3.03597
3847	36.31	2.98896
3848	36.87	2.95518
3849	37.52	2.97146
3850	38.25	3.10926
3851	38.76	3.15316
3852	39.3	3.2665
3853	39.92	3.17389
3854	40.54	3.19193
3855	40.99	3.12568
3856	41.62	3.1805
3857	42.16	3.19287
3858	42.7	3.37491
3859	43.36	3.39564
3860	43.98	3.21552
3861	44.42	3.20992
3862	44.98	3.24031
3863	45.57	3.23498
3864	46.11	3.11093
3865	46.59	3.15625
3866	47.21	3.20092
3867	47.67	3.2033
3868	48.26	3.29733
3869	48.75	3.28748
3870	49.26	3.14204
3871	49.77	3.09792
3872	50.22	3.07435
3873	50.69	3.15498
3874	51.24	3.15316
3875	51.82	3.21055
3876	52.31	3.19279
3877	52.84	3.28853
3878	53.42	3.28384
3879	53.93	3.26268
3880	54.43	3.17885
3881	54.88	3.27194
3882	55.28	3.26521
3883	55.9	3.27261
3884	56.32	3.2554
3885	56.81	3.27321
3886	57.27	3.33423
3887	57.73	3.38188
3888	58.13	3.40193
3889	58.65	3.44783
3890	59.03	3.38365
3891	59.54	3.26931
3892	60.01	3.35409
3893	60.43	3.28711
3894	60.86	3.29855
3895	61.18	3.23846
3896	61.55	3.32679
3897	62.05	3.25692
3898	62.4	3.2
3899	62.79	3.23201
3900	5.12	1.46479
3901	5.65	1.47224
3902	6.3	1.47986
3903	6.79	1.49863
3904	7.35	1.43788
3905	7.93	1.55727
3906	8.53	1.57134
3907	9.16	1.53441
3908	9.84	1.65964
3909	10.36	1.72348
3910	11.1	1.78606
3911	11.88	1.84543
3912	12.53	1.74043
3913	13.23	1.78804
3914	14.01	1.83573
3915	14.63	1.94245
3916	15.33	2.02512
3917	16.02	2.09275
3918	16.65	2.16506
3919	17.44	2.1039
3920	18.12	2.23285
3921	18.81	2.14334
3922	19.52	2.17936
3923	20.13	2.22556
3924	20.96	2.32775
3925	21.62	2.30989
3926	22.43	2.41352
3927	23.07	2.32058
3928	23.78	2.22072
3929	24.45	2.29074
3930	25.16	2.46868
3931	25.75	2.45917
3932	26.57	2.48699
3933	27.09	2.51831
3934	27.78	2.36042
3935	28.57	2.47489
3936	29.29	2.64687
3937	30.09	2.56552
3938	30.56	2.49928
3939	31.26	2.66316
3940	31.95	2.62821
3941	32.59	2.66494
3942	33.14	2.63067
3943	33.86	2.59623
3944	34.38	2.62214
3945	34.99	2.74042
3946	35.75	2.69954
3947	36.37	2.61402
3948	36.87	2.73735
3949	37.56	2.68447
3950	38.19	2.6446
3951	38.79	2.67692
3952	39.28	2.76072
3953	40.08	2.77373
3954	40.67	2.91566
3955	41.22	2.93114
3956	41.86	2.86363
3957	42.34	2.78288
3958	43.02	2.81418
3959	43.47	2.77292
3960	44.08	2.80243
3961	44.59	2.7059
3962	45.12	2.76507
3963	45.54	2.66616
3964	46.07	2.60098
3965	46.58	2.76471
3966	47.14	2.70932
3967	47.64	2.76594
3968	48.09	2.80034
3969	48.64	2.77676
3970	49.24	2.81468
3971	49.68	2.76724
3972	50.19	2.69702
3973	50.59	2.61188
3974	51.18	2.72169
3975	51.77	2.79233
3976	52.25	2.80134
3977	52.74	2.74816
3978	53.19	2.81317
3979	53.62	2.86977
3980	54.11	2.8632
3981	54.67	2.91909
3982	55.18	2.92021
3983	55.66	2.93333
3984	56.12	2.97752
3985	56.53	2.91704
3986	56.93	2.94026
3987	57.35	2.97783
3988	57.78	2.9986
3989	58.17	2.96329
3990	58.67	2.91566
3991	59.14	2.95303
3992	59.48	2.99159
3993	59.98	3.13362
3994	60.46	3.14776
3995	60.78	3.16727
3996	61.32	3.17452
3997	61.62	3.24586
3998	62.05	3.21675
3999	62.5	3.19531
4000	5.16	1.62308
